1     0.1153635682680        14  cwp+17     5.96703E-15       7  cwp+17     6.357  -0.008  5.648   11.418 3.06e+05 8.4e+11   1.5e+35
2     0.0831573050050         6  pga+12     4.2792E-16        5  pga+12     3.063  -0.734  2.422   10.225 3.08e+06 1.91e+11  2.9e+34
3     0.1014390664824        20  hlk+04     5.849955E-15     17  hlk+04     1.768  -0.107  1.423   9.544  2.75e+05 7.8e+11   2.2e+35
4     0.272450630949         15  hlk+04     1.071167E-14     12  hlk+04     2.600  -0.183  2.009   10.140 4.03e+05 1.73e+12  2.1e+34
5     0.06571592849324        9  lrc+09     1.93754256E-13     4  lrc+09     3.200  0.172   2.422   10.585 5.37e+03 3.61e+12  2.7e+37

6     0.217094                5  tpc+11     5.509E-14         5  tpc+11     2.000  0.024   1.366   9.960  6.24e+04 3.5e+12   2.1e+35
7     0.156384121559          8  lwy+16     4.39496E-15       5  lwy+16     1.000  0.014   0.527   9.350  5.64e+05 8.39e+11  4.5e+34
8     0.3202708224090         7  brs+19     2.042031E-15     11  brs+19     0.966  -0.559  -0.738  8.776  2.48e+06 8.18e+11  2.5e+33
9     0.0333924123           12  ljg+15     4.20972E-13       3  ljg+15     2.000  -0.202  -0.158  10.484 1.26e+03 3.79e+12  4.5e+38
10    0.14315825891177       11  klh+03     3.6694515E-15    13  klh+03     1.300  -0.038  0.006   9.799  6.18e+05 7.33e+11  4.9e+34

11    0.0505697030222        18  fak15      4.789091E-13      3  fak15      49.700 -25.980 -41.761 1.349  1.67e+03 4.98e+12  1.5e+38
12    1.24441859615           8  hlk+04     7.1229E-15        3  hlk+04     0.320  -0.092  -0.257  8.667  2.77e+06 3.01e+12  1.5e+32
13    0.1109789432160         8  cwp+17     3.61723E-15       3  cwp+17     4.583  -0.099  -1.913  12.663 4.86e+05 6.41e+11  1.0e+35
14    0.28781555572           5  saa+23     1.027171E-13      5  saa+23     2.104  0.017   -0.761  10.461 4.44e+04 5.5e+12   1.7e+35
15    0.237099441692          3  jh05       1.097087E-14      6  jh05       0.190  0.014   -0.049  8.683  3.42e+05 1.63e+12  3.2e+34

16    0.384928623365          3  jbv+19     5.494123E-14     12  jbv+19     0.286  0.041   -0.102  8.764  1.11e+05 4.65e+12  3.8e+34
17    0.25170865575972       20  saa+23     1.133559169E-13    20  saa+23     2.681  0.067   -2.065  10.209 3.52e+04 5.41e+12  2.8e+35
18    0.51016034483           3  hlk+04     1.895713E-14     19  hlk+04     2.000  -0.012  -1.613  9.682  4.26e+05 3.15e+12  5.6e+33
19    0.166762291572         20  hlk+04     1.682112E-14     14  hlk+04     2.000  -0.085  -1.792  9.383  1.57e+05 1.69e+12  1.4e+35
20    0.53066051169           3  hlk+04     1.70932E-15       9  hlk+04     0.500  0.263   -0.124  8.907  4.92e+06 9.64e+11  4.5e+32

21    0.089328385024          4  dml02      1.25008E-13      16  dml02      0.280  -0.014  -0.278  8.531  1.13e+04 3.38e+12  6.9e+36
22    0.1067690369961         7  lbs+20     1.510247E-14      5  lbs+20     1.000  -0.018  -1.000  8.495  1.12e+05 1.28e+12  4.9e+35
23    0.430627098928         17  spl13      1.37294E-14      10  spl13      1.100  0.653   -0.631  9.122  4.97e+05 2.46e+12  6.8e+33
24    0.087545204308          4  mlc+01     3.28683E-14      10  mlc+01     0.377  -0.009  -0.374  8.451  4.22e+04 1.72e+12  1.9e+36
25    0.2530651649482         9  hlk+04     2.29758E-16       3  hlk+04     0.261  0.180   -0.142  8.624  1.75e+07 2.44e+11  5.6e+32

26    0.1073864584588        15  hfs+04     8.08342E-14       6  hfs+04     3.162  -0.104  -3.065  7.731  2.1e+04  2.98e+12  2.6e+36
27    0.162505749412          5  saa+23     2.005742E-14     14  saa+23     10.914 -0.129  -10.597 5.890  1.28e+05 1.83e+12  1.8e+35
28    0.0914032309           14  kjk+08     1.61E-14          8  kjk+08     1.423  -0.012  -1.374  8.130  9.0e+04    1.23e+12  8.3e+35
29    0.123725343351          4  jbv+19     9.61217E-14       4  jbv+19     2.900  0.029   -2.767  7.632  2.04e+04 3.49e+12  2.0e+36
30    0.099660833480          3  kel+09     2.95322E-14       5  kel+09     3.830  -0.050  -3.618  7.245  5.35e+04 1.74e+12  1.2e+36

31    0.1971146895745         8  jbv+19     5.83870E-15       4  jbv+19     0.093  0.011   -0.089  8.475  5.35e+05 1.09e+12  3.0e+34
32    0.0632021309179         8  jbv+19     1.584462E-14      8  jbv+19     2.360  -0.035  -2.210  7.674  6.32e+04 1.01e+12  2.5e+36
33    0.064961851894          3  mlc+01     3.14596E-14      13  mlc+01     4.464  -0.036  -4.161  6.884  3.27e+04 1.45e+12  4.5e+36
34    0.40796298356           9  wje11      4.0202200E-12    17  wje11      8.400  -0.079  -7.780  5.333  1.61e+03 4.1e+13   2.3e+36
35    0.13547685441          17  rkp+11     7.52566E-13      17  rkp+11     5.000  0.153   -4.633  6.625  2.85e+03 1.02e+13  1.2e+37

36    0.1016331767601         5  saa+23     1.027908E-14      3  saa+23     2.227  0.035   -2.005  7.530  1.57e+05 1.03e+12  3.9e+35
37    0.216479797870          3  psj+19     4.95328E-15       4  psj+19     4.000  -0.099  -3.464  6.502  6.92e+05 1.05e+12  1.9e+34
38    0.2554963274098         7  dsb+98     2.09963E-15       2  dsb+98     1.641  0.129   -1.369  7.604  1.93e+06 7.41e+11  5.0e+33
39    0.193339746306         19  wmp+00     2.53107E-13       3  wmp+00     12.600 -0.008  -9.829  0.617  1.21e+04 7.08e+12  1.4e+36
40    0.166108327507         14  lfl+06     3.601843E-13     14  lfl+06     3.100  -0.136  -2.375  6.512  7.31e+03 7.83e+12  3.1e+36

41    0.0311816011            3  rmg+10     3.890E-14         6  rmg+10     7.000  -0.195  -5.313  3.947  1.27e+04 1.11e+12  5.1e+37
42    0.0500519462            0  ojk+08     32.0E-15            0  ojk+08     13.510 -0.022  -10.009 -0.574 2.48e+04 1.28e+12  1.0e+37
43    0.06817987659           2  dkm+01     8.3167E-14        3  dkm+01     5.632  0.022   -4.082  4.620  1.3e+04  2.41e+12  1.0e+37
44    0.088924862943          6  psj+19     9.16633E-15      13  psj+19     3.371  -0.037  -2.168  5.919  1.54e+05 9.14e+11  5.1e+35
45    0.151581943393          5  psj+19     1.52868977E-12     7  psj+19     4.400  -0.089  -2.809  5.114  1.57e+03 1.54e+13  1.7e+37

46    0.084206064052          3  psj+19     1.379389E-14     10  psj+19     2.841  0.002   -1.674  6.205  9.67e+04 1.09e+12  9.1e+35
47    0.23169383623           8  wmp+00     4.94943E-13      17  wmp+00     5.148  0.015   -2.400  3.946  7.42e+03 1.08e+13  1.6e+36
48    0.069356847             3  kcm+98     1.351E-13         2  kcm+98     4.743  -0.023  -2.190  4.293  8.13e+03 3.1e+12   1.6e+37
49    0.1649576854895        17  saa+23     2.373413E-14      3  saa+23     4.467  -0.062  -1.569  4.318  1.1e+05  2.0e+12     2.1e+35
50    0.182135802939          6  kbm+03     5.23448E-14       3  kbm+03     3.967  0.008   -1.044  4.673  5.51e+04 3.12e+12  3.4e+35

51    0.2989874273426        17  hlk+04     4.137877E-15     10  hlk+04     0.747  0.168   0.040   7.773  1.14e+06 1.13e+12  6.1e+33
52    0.102459245929          8  wmp+00     9.298454E-14     13  wmp+00     2.600  -0.122  -0.755  6.015  1.75e+04 3.12e+12  3.4e+36
53    0.0746746986613         5  saa+23     1.3174173E-14    17  saa+23     3.488  -0.026  -0.668  5.077  8.98e+04 1.0e+12     1.2e+36
54    0.1395056216331         8  saa+23     8.4095831E-14    10  saa+23     3.487  0.005   -0.356  5.031  2.63e+04 3.47e+12  1.2e+36
55    0.82982878524           5  wmp+00     1.63626E-13       4  wmp+00     0.700  -0.093  -0.208  7.838  8.04e+04 1.18e+13  1.1e+34

56    0.196543154965         20  rkp+11     2.80483E-14      12  rkp+11     0.641  0.011   -0.041  7.860  1.11e+05 2.38e+12  1.5e+35
57    0.114371728447         18  psj+19     1.139514E-14      3  psj+19     3.074  0.018   -0.103  5.428  1.59e+05 1.16e+12  3.0e+35
58    0.1540957973985         5  saa+23     2.1330698E-14    10  saa+23     1.227  0.425   0.644   7.546  1.14e+05 1.83e+12  2.3e+35
59    0.41370012084          18  rkp+11     1.6983E-14        6  rkp+11     0.300  0.026   0.033   8.203  3.86e+05 2.68e+12  9.5e+33
60    0.0988139764825        20  gvc+04     6.132329E-14     10  gvc+04     2.520  -0.037  -0.031  5.980  2.55e+04 2.49e+12  2.5e+36

61    0.23410579125           5  ymw+17     1.30048E-14      17  ymw+17     3.124  0.003   0.288   5.389  2.85e+05 1.77e+12  4.0e+34
62    0.124924206569          8  hlk+04     1.279057E-13      5  hlk+04     3.803  -0.059  0.348   4.713  1.55e+04 4.04e+12  2.6e+36
63    0.13366692025028       17  ywml10     1.34359375E-13    17  ywml10     4.400  0.011   0.642   4.147  1.58e+04 4.29e+12  2.2e+36
64    0.04474055970           4  hgp+20     1.26999E-13      11  hgp+20     6.147  -0.002  1.364   2.506  5.58e+03 2.41e+12  5.6e+37
65    0.2176426911444        15  lfl+06     6.48032E-15      15  lfl+06     3.152  0.225   1.171   5.582  5.32e+05 1.2e+12   2.5e+34

66    0.1014867942076         3  ywml10     7.5251738E-14    10  ywml10     3.606  -0.043  1.114   5.071  2.14e+04 2.8e+12   2.8e+36
67    0.07205652531           7  psj+19     1.479719E-14     11  psj+19     4.767  0.004   1.669   4.035  7.72e+04 1.04e+12  1.6e+36
68    0.0672668461152        14  lfl+06     8.32385E-15       3  lfl+06     3.683  -0.008  1.374   5.083  1.28e+05 7.57e+11  1.1e+36
69    0.06188365001063       12  rgl12      2.02014996E-13     4  rgl12      4.100  -0.063  1.503   4.686  4.85e+03 3.58e+12  3.4e+37
70    0.096312805197          7  saa+23     4.486804E-14     11  saa+23     4.779  0.022   2.092   4.203  3.4e+04  2.1e+12   2.0e+36

71    0.44580970133           3  saa+23     2.332421E-13     12  saa+23     4.125  -0.024  1.874   4.825  3.03e+04 1.03e+13  1.0e+35
72    0.10143745367609        4  saa+23     5.5717152E-15     5  saa+23     5.339  -0.044  2.914   4.027  2.88e+05 7.61e+11  2.1e+35
73    0.26743960987           7  hlk+04     2.083598E-13      6  hlk+04     3.300  -0.029  1.872   5.782  2.03e+04 7.55e+12  4.3e+35
74    0.139760064515          4  hfs+04     3.11674E-14      12  hfs+04     4.569  -0.045  2.632   4.765  7.1e+04  2.11e+12  4.5e+35
75    0.106632746266          5  rkp+11     8.68208E-14       3  rkp+11     2.370  -0.037  1.529   6.690  1.95e+04 3.08e+12  2.8e+36

76    0.16325053678620        6  saa+23     1.76202755E-14     6  saa+23     3.043  -0.036  2.095   6.293  1.47e+05 1.72e+12  1.6e+35
77    0.035909978882125      16  saa+23     3.38144637E-15    17  saa+23     4.607  -0.013  3.228   5.213  1.68e+05 3.53e+11  2.9e+36
78    1.18102329730           9  hlk+04     2.123644E-13      9  hlk+04     1.304  0.020   0.985   7.646  8.81e+04 1.6e+13   5.1e+33
79    0.0756589884532        11  lsb+17     1.046782E-14     11  lsb+17     5.060  0.052   3.997   5.397  1.15e+05 9.01e+11  9.5e+35
80    0.0687304058253         2  nab+13     1.3190700E-14     6  nab+13     4.337  0.009   3.461   5.886  8.26e+04 9.64e+11  1.6e+36

81    0.136855046957          9  clb+02     7.50570E-13      10  clb+02     7.000  0.032   5.670   4.395  2.89e+03 1.03e+13  1.2e+37
82    0.2265187466568        11  jbv+19     1.156826E-15     16  jbv+19     0.310  -0.021  0.228   8.291  3.1e+06  5.18e+11  3.9e+33
83    0.14446976514           3  hlk+04     5.75717E-14       3  hlk+04     10.900 0.296   9.175   2.623  3.98e+04 2.92e+12  7.5e+35
84    0.0395311928548        11  hlk+04     5.844803E-15      8  hlk+04     3.000  0.148   2.793   7.415  1.07e+05 4.86e+11  3.7e+36
85    0.16369523645           9  nab+13     2.4872E-14        9  nab+13     6.028  -0.056  5.615   6.307  1.04e+05 2.04e+12  2.2e+35

86    0.05080873772          16  lzc+24     7.2471E-14        3  lzc+24     13.298 0.259   12.839  5.046  1.11e+04 1.94e+12  2.2e+37
87    0.103740952074          4  aaa+09d    9.57209E-14       7  aaa+09d    1.800  0.003   1.740   8.041  1.72e+04 3.19e+12  3.4e+36
88    0.04857877964           3  apk14      8.61E-14          2  apk14      10.000 0.168   9.738   6.232  8.94e+03 2.07e+12  3.0e+37
89    0.200129328168          8  saa+23     6.50071E-15       8  saa+23     6.947  -0.174  6.742   6.834  4.88e+05 1.15e+12  3.2e+34
90    0.096131                0  dmo+24     1.270E-15        10  rtj+96     1.480  -0.235  1.378   8.015  1.2e+06  3.54e+11  5.6e+34

91    0.636957393614         13  lsk+18     5.2832E-15        9  lsk+18     0.751  -0.158  0.734   8.533  1.91e+06 1.86e+12  8.1e+32
92    0.05164758740          19  saa+23     7.73871E-14      11  saa+23     3.000  0.154   2.870   9.358  1.06e+04 2.02e+12  2.2e+37
93    0.1399345              20  tpc+11     1.5358E-14        3  tpc+11     7.275  -0.014  6.973   10.574 1.44e+05 1.48e+12  2.2e+35
