1     0.3158731909            3  awd+12     3.6039E-13        5  awd+12     1.400  0.254   1.196   9.181   1.39e+04 1.08e+13  4.5e+35
2     0.02176610763          19  met+21     2.9E-14           3  met+21     59.700 -42.079 -35.836 -14.066 1.19e+04 8.03e+11  1.1e+38
3     0.4441044988            6  rkp+11     1.3037E-14       20  rkp+11     0.835  -0.230  0.238   9.267   5.4e+05  2.43e+12  5.9e+33
4     0.0794272322920        13  cwp+17     1.673360E-14      7  cwp+17     0.0      0.000   0.000   8.500   7.52e+04 1.17e+12  1.3e+36
5     9.07838822              5  rip+13     4.10E-15         10  rip+13     0.0      0.000   0.000   8.500   3.51e+07 6.17e+12  2.2e+29

6     3.453004027            12  kv11       2.759E-14        10  kv11       0.0      -0.000  -0.000  8.500   1.98e+06 9.88e+12  2.6e+31
7     0.0161222220245         4  mgm+04     5.1784338E-14    11  mgm+04     49.700 -26.149 -41.678 1.481   4.93e+03 9.25e+11  4.9e+38
8     0.464960965736         16  pga+13     1.426028E-13     11  pga+13     2.000  0.094   0.033   10.498  5.17e+04 8.24e+12  5.6e+34
9     0.333208231801          6  pga+12     2.54237E-14       5  pga+12     0.0      0.000   0.000   8.500   2.08e+05 2.95e+12  2.7e+34
10    0.29739519058           7  rkp+11     7.9592E-14        3  rkp+11     1.355  -0.022  -0.575  9.727   5.92e+04 4.92e+12  1.2e+35

11    8.39111553              3  kv05       6.98E-14          3  kv05       0.400  -0.057  -0.356  8.673   1.9e+06  2.45e+13  4.7e+30
12     0.156250               0  sbd+11     1.22e-14          0  sbd+11     0.0      0.000   -0.000  8.500   2.03e+05 1.4e+12   1.3e+35
13     0.091996               0  nie+20     9.56e-16          0  nie+20     0.0      -0.000  -0.000  8.500   1.52e+06 3.e+11     4.8e+34
14     0.273973               0  nie+20     2.76e-15          0  nie+20     0.0      -0.000  -0.000  8.500   1.57e+06 8.8e+11   5.3e+33
15    11.37038593            12  kk09       5.6E-14          30  kk09       0.0      -0.000  -0.000  8.500   3.24e+06 2.54e+13  1.5e+30

16    0.11147243434           9  sdz+10     3.837491E-13     13  sdz+10     2.080  -0.015  -2.017  7.991   4.6e+03  6.62e+12  1.1e+37
17    0.13902889110           4  sdz+10     5.4628E-14        4  sdz+10     1.895  0.038   -1.816  7.960   4.03e+04 2.79e+12  8.0e+35
18    0.62036503134          12  cwp+17     1.00581E-13       4  cwp+17     0.0      0.000   -0.000  8.500   9.77e+04 7.99e+12  1.7e+34
19    0.062800077             6  htg+14     8.6E-15           6  htg+14     7.000  -0.114  -6.575  6.102   1.16e+05 7.42e+11  1.4e+36
20    0.194938267113          4  cwp+17     2.183720E-14      8  cwp+17     0.0      -0.000  -0.000  8.500   1.41e+05 2.09e+12  1.2e+35

21    0.10668920             19  saa+23     1.96E-13         12  saa+23     0.0      -0.000  -0.000  8.500   8.63e+03 4.62e+12  6.4e+36
22     0.114943               0  sbd+11     7.93e-14          0  sbd+11     0.0      0.000   -0.000  8.500   2.3e+04  3.05e+12  2.1e+36
23     0.120482               0  nie+20     4.05e-15          0  nie+20     0.0      -0.000  -0.000  8.500   4.71e+05 7.07e+11  9.1e+34
24     0.100604               0  nie+20     4.41e-14          0  nie+20     0.0      -0.000  -0.000  8.500   3.61e+04 2.13e+12  1.7e+36
25    0.440590723652         14  cpw+16     3.2695145E-12    10  cpw+16     0.0      -0.000  -0.000  8.500   2.14e+03 3.84e+13  1.5e+36

26    0.424130748815         13  gha13      2.223E-17        18  gha13      2.600  0.448   -2.291  7.355   3.02e+08 9.83e+10  1.2e+31
27     0.206612               0  nie+20     1.17e-16          0  nie+20     0.0      0.000   -0.000  8.500   2.8e+07  1.57e+11  5.2e+32
28     0.247525               0  nie+20     2.84e-14          0  nie+20     0.0      -0.000  -0.000  8.500   1.38e+05 2.68e+12  7.4e+34
29    10.31252206             2  kv05a      1.120E-13         3  kv05a      0.0      0.000   -0.000  8.500   1.46e+06 3.44e+13  4.0e+30
30    0.1381577782128        12  cwp+17     8.88351E-15       4  cwp+17     0.0      -0.000  -0.000  8.500   2.46e+05 1.12e+12  1.3e+35

31     0.060533               0  nie+20     3.02e-15          0  nie+20     0.0      0.000   -0.000  8.500   3.18e+05 4.32e+11  5.4e+35
32    0.058199071070         18  bhe+19     3.2913E-15        3  bhe+19     0.0      0.000   0.000   8.500   2.8e+05  4.43e+11  6.6e+35
33    0.10974069969           3  sdz+10     2.7680E-14        4  sdz+10     2.150  -0.028  -1.588  7.051   6.28e+04 1.76e+12  8.3e+35
34    0.110573011690         13  rkp+11     1.69394E-13      10  rkp+11     1.885  0.004   -1.371  7.207   1.03e+04 4.38e+12  4.9e+36
35    0.34096785164          12  pga+13     9.6836E-14       11  pga+13     0.0      -0.000  -0.000  8.500   5.58e+04 5.81e+12  9.6e+34

36    0.11584261008           3  sdz+10     3.0500E-14        3  sdz+10     1.955  0.044   -1.376  7.112   6.02e+04 1.9e+12   7.7e+35
37     0.158730               0  nie+20     1.17e-14          0  nie+20     0.0      0.000   -0.000  8.500   2.14e+05 1.38e+12  1.2e+35
38    0.103150638274         11  rkp+11     2.52704E-14       6  rkp+11     1.840  -0.058  -1.233  7.136   6.47e+04 1.63e+12  9.1e+35
39    0.10213598087           4  pga+13     3.1239E-14        3  pga+13     0.0      -0.000  -0.000  8.500   5.18e+04 1.81e+12  1.2e+36
40    0.355686622097          8  cwp+17     2.475859E-14     13  cwp+17     0.0      -0.000  -0.000  8.500   2.28e+05 3.0e+12     2.2e+34

41    0.179277780683          4  saa+23     1.062492E-14     10  saa+23     0.0      -0.000  -0.000  8.500   2.67e+05 1.4e+12   7.3e+34
42    0.1719346524466        15  pga+12     1.048790E-14     12  pga+12     0.0      0.000   -0.000  8.500   2.6e+05  1.36e+12  8.1e+34
43    0.0850721461634         8  cwp+17     4.16118E-15       3  cwp+17     0.0      -0.000  -0.000  8.500   3.24e+05 6.02e+11  2.7e+35
44    0.1678611451478         9  cwp+17     4.72489E-15       3  cwp+17     0.0      0.000   -0.000  8.500   5.63e+05 9.01e+11  3.9e+34
45    0.2064430479           18  gth+14     9.76E-13          5  gth+14     12.750 -0.004  -4.710  -3.348  3.35e+03 1.44e+13  4.4e+36

46    0.175106267502          3  cla17      3.70111E-15       7  cla17      0.0      -0.000  -0.000  8.500   7.5e+05  8.15e+11  2.7e+34
47    0.1271228933094        17  cwp+17     1.514467E-14      5  cwp+17     0.0      -0.000  -0.000  8.500   1.33e+05 1.4e+12   2.9e+35
48     0.347222               0  nie+20     6.56e-14          0  nie+20     0.0      -0.000  -0.000  8.500   8.39e+04 4.83e+12  6.2e+34
49     0.143266               0  nie+20     1.27e-15          0  nie+20     0.0      -0.000  -0.000  8.500   1.79e+06 4.31e+11  1.7e+34
50    0.1995413598713        12  pga+12     6.56093E-15      12  pga+12     0.0      -0.000  -0.000  8.500   4.82e+05 1.16e+12  3.3e+34

51     0.100200               0  nie+20     3.53e-15          0  nie+20     0.0      -0.000  0.000   8.500   4.49e+05 6.02e+11  1.4e+35
52    0.106334059346          3  saa+23     1.950190E-14     17  saa+23     0.0      0.000   0.000   8.500   8.64e+04 1.46e+12  6.4e+35
53    0.146788548116          7  rkp+11     3.44207E-14       3  rkp+11     0.880  -0.031  0.113   7.628   6.76e+04 2.27e+12  4.3e+35
54    0.06466700              2  ttd+99     4.40E-14          4  ttd+99     5.000  -0.030  0.970   3.595   2.33e+04 1.71e+12  6.4e+36
55    0.048072246759          7  rkp+11     1.75637E-14       3  rkp+11     2.635  0.112   0.780   5.986   4.34e+04 9.3e+11   6.2e+36

56    0.1497440393996        16  cla17      2.058107E-14      9  cla17      0.0      -0.000  0.000   8.500   1.15e+05 1.78e+12  2.4e+35
57    8.43772106              7  skc14      2.1E-14           3  skc14      0.0      -0.000  0.000   8.500   6.26e+06 1.36e+13  1.4e+30
58    0.110238639764         20  saa+23     1.209452E-13      5  saa+23     1.550  -0.010  0.493   7.031   1.44e+04 3.69e+12  3.6e+36
59    0.49918661036           3  cwp+17     4.53351E-14       8  cwp+17     0.0      -0.000  0.000   8.500   1.74e+05 4.81e+12  1.4e+34
60    0.173263836028         10  lhl+14     1.5016E-15       10  lhl+14     0.300  0.127   0.272   8.495   1.83e+06 5.16e+11  1.1e+34

61    0.1457544863308         7  saa+23     4.50714095E-13    13  saa+23     0.0      0.000   0.000   8.500   5.12e+03 8.2e+12   5.7e+36
62    0.07049824397           6  gh08       4.92E-14          3  gh08       6.600  -0.023  2.815   2.530   2.27e+04 1.88e+12  5.5e+36
63    0.112854649905         11  cwp+17     1.547031E-13      7  cwp+17     0.0      -0.000  0.000   8.500   1.16e+04 4.23e+12  4.2e+36
64    0.225552101075          4  saa+23     9.93056E-15       6  saa+23     1.530  0.142   0.993   7.345   3.6e+05  1.51e+12  3.4e+34
65    0.038522586319205      15  bhe+19     1.415651E-14     11  bhe+19     0.0      0.000   0.000   8.500   4.31e+04 7.47e+11  9.8e+36

66    7.05520287              3  vk08       2.98E-14          7  vk08       0.160  -0.047  -0.004  8.347   3.76e+06 1.47e+13  3.3e+30
67    0.1115241364978        13  cpw+15     3.587895E-14      3  cpw+15     0.0      0.000   0.000   8.500   4.92e+04 2.02e+12  1.0e+36
68    0.208217649267          5  saa+23     9.317144E-14     14  saa+23     0.0      0.000   0.000   8.500   3.54e+04 4.46e+12  4.1e+35
69    0.0927090547            3  sdz+10     2.1163E-14        4  sdz+10     1.960  0.013   1.780   7.679   6.94e+04 1.42e+12  1.0e+36
70    0.374806686188          9  saa+23     7.08385E-15      13  saa+23     1.365  0.261   1.334   8.374   8.38e+05 1.65e+12  5.3e+33

71    0.29038924475           5  rkp+11     2.12038E-13      17  rkp+11     1.950  -0.012  1.780   7.703   2.17e+04 7.94e+12  3.4e+35
72    0.1667491790418         9  cwp+17     1.35985E-15       3  cwp+17     0.0      0.000   0.000   8.500   1.94e+06 4.82e+11  1.2e+34
73    0.26531766093           5  rkp+11     5.4682E-14        3  rkp+11     2.150  0.078   2.103   8.062   7.69e+04 3.85e+12  1.2e+35
74    0.1767074151138         7  pga+12     4.85753E-15       7  pga+12     0.0      -0.000  0.000   8.500   5.76e+05 9.38e+11  3.5e+34
75    0.22707017739           3  pga+12     6.4843E-15       11  pga+12     0.720  0.036   0.713   8.404   5.55e+05 1.23e+12  2.2e+34

76    0.319561441417          6  saa+23     4.10240E-15       7  saa+23     0.620  -0.134  0.571   8.300   1.23e+06 1.16e+12  5.0e+33
77    0.157829924735         10  pga+12     1.430393E-13      8  pga+12     0.0      -0.000  0.000   8.500   1.75e+04 4.81e+12  1.4e+36
78    0.282849345409         16  pga+12     1.7857E-15       16  pga+12     0.0      -0.000  0.000   8.500   2.51e+06 7.19e+11  3.1e+33
79    9.42822888             10  kk09b      4.1E-14          18  kk09b      0.0      -0.000  0.000   8.500   3.65e+06 1.99e+13  1.9e+30
80    0.162733852990         11  rkp+11     9.7034E-14        6  rkp+11     2.830  0.024   2.712   9.307   2.66e+04 4.02e+12  8.9e+35
