7.060424e+00 
8.310231e+00 
1.353560e+01 
9.766986e+00 
7.667286e+00 
3.686693e+00 
1.022669e+01 
5.434280e+00 
4.566052e+00 
7.650750e+00 
1.277783e+01 
1.454757e+00 
7.740034e+00 
7.095664e+00 
7.727520e+00 
8.704740e+00 
3.688136e+00 
5.173974e+00 
8.934765e+00 
3.996885e+00 
6.816762e+00 
7.739231e+00 
4.663216e+00 
9.300241e+00 
3.030571e+00 
1.053375e+01 
8.505574e+00 
9.033698e+00 
7.725471e+00 
7.534873e+00 
4.114361e+00 
9.856086e+00 
7.590754e+00 
8.218092e+00 
1.023948e+01 
1.039585e+01 
7.021405e+00 
4.126744e+00 
2.433645e+00 
4.835055e+00 
8.113570e+00 
7.543477e-01 
7.358720e+00 
3.147291e+00 
9.469080e+00 
2.334935e+00 
5.462168e+00 
5.626849e+00 
2.780901e+00 
1.134208e+01 
5.146559e+00 
8.397605e+00 
4.871714e+00 
3.267480e+00 
4.397539e+00 
6.472709e+00 
5.985115e+00 
8.531402e+00 
1.131947e+01 
3.713888e+00 
2.058053e+00 
5.385618e+00 
1.301321e+01 
8.428283e+00 
7.294189e+00 
3.793189e+00 
4.673879e+00 
2.251652e+00 
1.751472e+00 
6.206075e+00 
4.137624e+00 
3.119594e+00 
4.511140e+00 
5.802645e+00 
6.381717e+00 
1.058861e+01 
6.053506e+00 
3.411308e+00 
6.936957e+00 
6.474581e+00 
7.048634e+00 
1.118010e+01 
8.619342e+00 
4.384613e+00 
4.581781e+00 
5.867337e+00 
6.250606e+00 
7.399139e+00 
2.544344e+00 
5.285459e+00 
7.289113e+00 
8.430069e+00 
5.697876e+00 
7.077753e+00 
1.011973e+01 
4.204220e+00 
2.446932e+00 
3.458482e+00 
4.137235e+00 
2.928666e+00 
4.502409e+00 
4.920549e+00 
2.976263e+00 
8.537707e+00 
7.252141e+00 
2.628851e+00 
4.982563e+00 
4.170340e+00 
2.632901e+00 
4.989456e+00 
8.241001e+00 
1.021898e+01 
5.266114e+00 
8.574388e+00 
1.000886e+01 
8.966779e+00 
2.595882e+00 
3.346598e+00 
6.518997e+00 
6.631308e+00 
5.835420e+00 
1.888742e+00 
4.821553e+00 
7.158866e+00 
1.056368e+00 
1.034442e+00 
7.734948e+00 
5.633782e+00 
1.736340e+00 
1.388162e+01 
6.856981e+00 
1.749225e+00 
8.313860e+00 
5.224934e+00 
1.701886e+00 
1.064365e+00 
3.963970e+00 
3.835863e+00 
6.357716e+00 
5.436098e+00 
3.158038e+00 
6.284622e+00 
6.724174e+00 
5.023763e+00 
6.075776e+00 
2.871368e+00 
1.293378e+00 
8.486595e+00 
7.392901e-01 
6.372723e+00 
3.913902e+00 
2.627347e+00 
7.479229e+00 
2.868185e+00 
3.304470e+00 
5.602252e+00 
2.321319e+00 
7.550420e+00 
5.934787e+00 
5.766531e+00 
2.542653e+00 
5.213468e+00 
6.621362e+00 
2.767522e+00 
3.263930e+00 
7.603488e+00 
8.712213e-01 
7.022389e+00 
3.767607e+00 
5.969865e+00 
7.597612e+00 
6.313057e+00 
5.736822e+00 
3.989202e+00 
3.390172e+00 
1.260097e+01 
4.993383e+00 
1.663328e+00 
5.463694e+00 
3.263323e+00 
2.277446e+00 
2.486051e+00 
6.383497e+00 
1.988268e+00 
2.855580e+00 
1.637095e+00 
3.953477e+00 
4.263835e+00 
2.344579e+00 
2.713645e+00 
1.297034e+00 
8.043568e+00 
5.531842e+00 
1.618011e+00 
8.858670e+00 
3.307370e+00 
5.063309e+00 
4.703661e+00 
1.663732e+00 
2.029887e+00 
2.116244e+00 
5.286564e+00 
7.373939e+00 
4.847184e+00 
5.438793e+00 
2.169871e+00 
9.133771e+00 
7.619097e+00 
4.768467e+00 
5.535372e+00 
7.012362e+00 
7.706312e+00 
4.393385e+00 
7.705741e+00 
6.408777e+00 
5.931820e+00 
4.257976e+00 
1.902128e+00 
5.734919e+00 
1.941987e+00 
4.453579e+00 
3.768689e+00 
2.928862e+00 
3.649969e+00 
4.854179e+00 
1.746137e+00 
3.853002e+00 
5.464109e+00 
3.462410e+00 
6.850081e+00 
4.552156e+00 
2.490282e+00 
8.755306e+00 
8.965772e+00 
7.939593e-01 
2.631353e+00 
6.103729e-01 
7.562659e+00 
8.146269e+00 
8.043543e+00 
2.949208e+00 
7.793284e+00 
2.603704e+00 
2.702328e+00 
3.342102e+00 
4.054891e+00 
7.350384e+00 
6.073428e+00 
6.507181e+00 
2.312697e+00 
2.214152e+00 
7.276175e+00 
3.885706e+00 
9.113905e-01 
5.595050e+00 
1.772406e+00 
6.138226e+00 
3.987327e+00 
4.169566e+00 
2.726040e+00 
2.496780e+00 
6.707489e+00 
6.339587e+00 
1.124436e+00 
1.216322e+00 
4.644034e+00 
4.719038e+00 
5.412975e+00 
4.703065e+00 
3.932003e+00 
6.390321e+00 
1.729493e+00 
2.372322e+00 
4.900020e+00 
2.024931e+00 
2.816920e+00 
3.964461e+00 
2.937244e+00 
1.984648e+00 
6.548164e+00 
4.369436e+00 
2.997983e+00 
3.463596e+00 
5.210404e+00 
1.293389e+00 
2.543702e+00 
3.929047e+00 
5.408046e-01 
5.730117e+00 
3.233015e+00 
5.856600e+00 
4.252997e+00 
4.485040e+00 
3.865386e+00 
4.440342e+00 
4.976035e+00 
5.570978e+00 
8.477663e+00 
1.964158e+00 
2.355357e+00 
2.687293e+00 
4.755963e+00 
1.719360e+00 
6.137378e+00 
2.422849e+00 
1.576609e+00 
1.887108e+00 
7.719753e+00 
2.144110e+00 
1.643975e+00 
5.226218e+00 
4.654591e+00 
4.795232e+00 
6.451722e+00 
2.455232e+00 
3.388794e+00 
6.207232e+00 
5.767827e+00 
5.111693e-01 
7.134250e+00 
3.497892e+00 
5.289643e+00 
7.065853e+00 
1.143031e+01 
3.745511e+00 
8.749821e+00 
5.713201e+00 
5.378046e+00 
5.513769e+00 
3.335990e+00 
4.971721e+00 
6.947763e+00 
5.706154e+00 
4.309458e+00 
2.959827e+00 
3.581135e+00 
2.667091e+00 
1.988861e+00 
1.454809e+00 
4.268100e+00 
3.617665e+00 
3.101846e+00 
1.738651e+00 
1.326576e+00 
1.604370e+00 
1.273412e+00 
1.617721e+00 
2.067127e+00 
1.833978e+00 
4.518854e+00 
3.700207e+00 
3.450225e+00 
2.294280e+00 
7.775471e+00 
3.911663e+00 
3.559682e+00 
4.200385e+00 
8.008155e+00 
1.285376e+00 
3.346226e+00 
3.239452e+00 
1.432881e+00 
2.955473e+00 
4.607490e+00 
2.541368e+00 
2.781179e+00 
5.221019e+00 
2.798213e+00 
5.018618e+00 
5.826043e+00 
5.853172e+00 
1.426197e+00 
5.431525e+00 
1.007811e+00 
6.078605e+00 
1.533428e+00 
2.637584e+00 
7.046061e+00 
1.151769e+01 
1.785474e+00 
5.605042e+00 
5.641215e+00 
5.840720e+00 
2.942027e+00 
5.925455e+00 
7.826585e+00 
5.013568e+00 
1.788906e+00 
3.800489e+00 
1.494932e+00 
6.760637e+00 
6.219839e+00 
7.142342e+00 
3.786141e+00 
4.034219e+00 
8.756224e-01 
1.594853e+00 
2.665843e+00 
4.918370e+00 
1.471084e+00 
2.109528e+00 
3.646679e+00 
6.644164e+00 
3.046411e+00 
1.882512e+00 
3.104259e+00 
3.963158e+00 
1.586366e+00 
2.859763e+00 
9.050680e-01 
2.987173e+00 
3.812257e+00 
2.995694e+00 
4.954938e-01 
3.597612e+00 
1.370936e+00 
3.922341e+00 
8.145360e+00 
4.761834e+00 
1.438234e+00 
1.755127e+00 
5.648795e+00 
2.766788e+00 
2.997466e+00 
1.292072e+00 
4.438278e+00 
1.971080e+00 
6.959613e+00 
2.916819e+00 
2.808333e+00 
3.209699e+00 
6.319292e+00 
7.822296e+00 
4.798513e+00 
5.736522e+00 
6.022616e+00 
4.080765e+00 
3.965645e+00 
3.351471e+00 
4.234412e+00 
5.423971e+00 
7.237561e+00 
1.649452e+00 
4.112458e+00 
6.498320e+00 
1.610528e+00 
2.169489e+00 
3.901093e+00 
4.347739e+00 
1.211953e+00 
4.046753e+00 
2.585084e+00 
5.087675e+00 
3.377103e+00 
5.168557e+00 
5.593632e+00 
3.135893e+00 
1.953272e+00 
3.911660e+00 
5.064362e+00 
1.255611e+00 
3.840109e+00 
4.660706e+00 
7.844692e+00 
5.257873e+00 
5.696379e+00 
7.626581e+00 
3.385590e+00 
1.595351e+00 
8.822683e-01 
6.008102e+00 
2.330956e+00 
2.430280e+00 
2.949949e+00 
6.748935e+00 
4.248321e+00 
2.868521e+00 
2.799409e+00 
6.385389e+00 
4.249107e+00 
3.114305e+00 
6.748325e+00 
6.869260e+00 
5.001766e+00 
4.181247e+00 
4.398853e+00 
3.644174e+00 
1.139053e+00 
3.957433e+00 
5.939761e+00 
5.315820e+00 
4.626606e+00 
2.450853e+00 
1.596164e+00 
3.373535e+00 
3.406788e+00 
1.138247e+00 
7.509164e+00 
2.865988e+00 
8.158672e+00 
4.879540e+00 
7.811990e+00 
3.833625e+00 
1.403128e+00 
8.534528e-01 
2.845563e+00 
8.897882e+00 
2.625965e+00 
3.964273e+00 
2.649638e+00 
3.405263e+00 
1.141025e+00 
4.971611e+00 
1.768728e+00 
2.438783e+00 
2.267018e+00 
3.621225e+00 
2.072755e+00 
3.718020e+00 
4.223568e+00 
6.184636e+00 
5.287897e+00 
2.144124e+00 
1.957640e+00 
6.962152e+00 
2.079910e+00 
4.134724e+00 
4.414369e+00 
3.008504e+00 
2.275647e+00 
3.527111e+00 
5.009268e+00 
4.710249e+00 
6.673454e+00 
3.696523e+00 
2.545198e+00 
4.547171e+00 
3.767846e+00 
2.313970e+00 
2.922762e+00 
6.106504e+00 
2.507224e+00 
8.109960e-01 
3.457846e+00 
4.078965e+00 
4.407287e+00 
3.844828e+00 
4.914122e+00 
4.441553e+00 
4.804643e+00 
4.400864e+00 
3.730347e+00 
6.270509e+00 
3.404644e+00 
6.219276e+00 
4.234946e+00 
8.783924e-01 
3.497361e+00 
5.631317e+00 
3.412197e+00 
3.989587e+00 
6.295381e-01 
3.092840e+00 
3.982005e+00 
3.682676e+00 
8.746433e+00 
4.076281e+00 
3.657267e+00 
3.705069e+00 
2.816847e+00 
2.289846e+00 
5.199476e+00 
3.713287e+00 
3.162017e+00 
1.134224e+00 
1.332441e+00 
3.430057e+00 
1.592358e+00 
2.091008e+00 
2.618382e+00 
2.904799e+00 
3.878914e+00 
3.744530e+00 
4.307285e+00 
9.510289e-01 
3.452893e+00 
3.932554e+00 
4.490044e+00 
6.676538e+00 
2.473529e+00 
4.169298e+00 
2.982572e+00 
2.573186e+00 
4.739587e+00 
6.361432e+00 
8.538377e+00 
2.147141e+00 
3.024862e+00 
5.073128e+00 
5.805813e-01 
3.678355e+00 
3.416525e+00 
2.980404e+00 
3.649101e+00 
2.076843e+00 
3.495684e+00 
7.727539e-01 
2.269207e+00 
4.497443e+00 
1.050949e+00 
2.250859e+00 
6.503269e+00 
2.276623e+00 
2.937623e+00 
4.571142e+00 
3.688146e+00 
3.665964e+00 
2.345344e+00 
1.387031e+00 
2.268386e+00 
4.743898e+00 
4.726362e+00 
4.700408e+00 
3.873488e+00 
4.097062e+00 
2.332197e+00 
3.186651e+00 
2.293055e+00 
2.127459e+00 
4.006069e+00 
2.640553e+00 
7.437285e+00 
4.885415e+00 
5.017020e+00 
3.333981e+00 
1.525042e+00 
2.192561e+00 
5.877876e+00 
1.638064e+00 
4.228525e+00 
9.803053e-01 
3.762548e+00 
7.481909e-01 
5.353714e+00 
2.630344e+00 
4.170739e+00 
2.570873e+00 
2.395892e+00 
2.440869e+00 
2.066903e+00 
5.471312e+00 
8.412881e-01 
4.539123e+00 
2.900500e+00 
3.978550e+00 
4.254372e+00 
2.756082e+00 
5.348034e+00 
4.865758e+00 
3.463490e+00 
2.760875e+00 
2.686302e+00 
3.277419e+00 
3.942135e+00 
1.595277e+00 
5.568673e+00 
2.351190e+00 
3.571044e+00 
3.852981e+00 
4.460663e+00 
3.401187e+00 
4.534368e+00 
3.986584e+00 
3.023802e+00 
3.053916e+00 
3.280412e+00 
6.373462e+00 
3.775772e+00 
1.189500e+00 
4.866451e+00 
4.377019e+00 
4.533800e+00 
2.349017e+00 
3.748777e+00 
3.920886e+00 
2.427828e+00 
3.012998e+00 
3.504096e+00 
1.999899e+00 
2.435546e+00 
1.225294e+00 
3.370829e+00 
2.909748e+00 
3.135253e+00 
3.630663e+00 
3.875163e+00 
3.457676e+00 
3.856748e+00 
3.075960e+00 
1.892589e+00 
2.421707e+00 
2.782832e+00 
1.701414e+00 
4.509118e+00 
2.496047e+00 
4.127391e+00 
2.743623e+00 
1.244927e+00 
4.957029e+00 
2.225823e+00 
1.238900e+00 
3.593827e+00 
5.875215e+00 
2.872304e+00 
7.623234e+00 
1.720456e+00 
1.852730e+00 
3.736335e+00 
3.858765e+00 
4.308373e+00 
2.277553e+00 
5.332263e+00 
2.038427e+00 
2.634443e+00 
2.286862e+00 
3.736284e+00 
2.166500e+00 
3.163865e+00 
2.833339e+00 
4.913581e+00 
3.153486e+00 
3.588621e+00 
7.157031e+00 
1.735252e+00 
5.007967e+00 
1.238258e+00 
3.150707e+00 
2.551418e+00 
3.488930e+00 
2.724343e+00 
3.318454e+00 
2.837717e+00 
6.096122e-01 
1.701402e+00 
1.032057e+00 
1.890828e+00 
3.708768e+00 
4.932395e+00 
5.467500e+00 
6.861858e-01 
3.448085e+00 
4.217675e+00 
1.966891e+00 
6.203487e+00 
3.543851e+00 
4.844050e+00 
2.916113e+00 
4.302874e+00 
4.664797e+00 
7.155391e-01 
8.881615e-01 
4.997915e+00 
2.077376e+00 
5.933520e+00 
3.930263e+00 
2.957938e+00 
4.708466e+00 
4.055702e+00 
2.503494e+00 
3.424156e+00 
3.006030e+00 
2.962959e+00 
2.155299e+00 
2.846938e+00 
5.012225e+00 
3.216423e+00 
2.828186e+00 
3.592098e+00 
3.435823e+00 
2.193931e+00 
3.780682e+00 
1.141334e+00 
3.068612e+00 
1.544577e+00 
3.031479e+00 
5.194151e-01 
3.753899e+00 
3.665122e-01 
4.628320e+00 
1.287688e+00 
2.957715e+00 
4.451082e+00 
3.895501e-01 
4.489355e+00 
3.549398e+00 
2.862523e+00 
4.373661e+00 
3.442274e+00 
2.426727e+00 
2.030375e+00 
1.055153e+00 
2.788310e+00 
3.696711e+00 
4.397144e+00 
1.686253e+00 
7.396047e-01 
3.921856e+00 
3.288086e+00 
2.154777e+00 
1.545144e+00 
5.879721e+00 
7.465793e+00 
1.932206e+00 
3.564463e+00 
2.675350e+00 
2.257221e+00 
3.530259e+00 
2.551667e+00 
2.737498e+00 
2.171784e+00 
1.542780e+00 
2.844086e+00 
2.022370e+00 
2.467749e+00 
2.899557e+00 
1.863851e+00 
3.269135e+00 
3.943703e+00 
9.079796e-01 
2.384427e+00 
3.210913e+00 
4.581116e+00 
3.436721e-01 
4.194196e+00 
2.367947e+00 
2.098937e+00 
1.561961e+00 
2.136945e+00 
7.272557e-01 
2.605598e+00 
1.706662e+00 
2.604137e+00 
3.200964e+00 
3.870812e+00 
5.253626e+00 
4.005893e+00 
5.668760e+00 
2.884256e+00 
2.350618e+00 
4.362947e+00 
4.589100e+00 
2.704029e+00 
4.006681e+00 
3.460688e+00 
2.207003e+00 
4.092987e-01 
4.661920e+00 
1.977348e+00 
3.307783e+00 
3.647391e+00 
1.143525e+00 
3.441452e+00 
1.919236e+00 
2.152019e+00 
2.762642e+00 
3.085163e+00 
5.564263e+00 
1.818533e-01 
3.118309e+00 
3.184024e+00 
2.327263e+00 
2.960835e+00 
4.224981e+00 
3.388981e+00 
2.676302e+00 
1.866751e+00 
4.989428e+00 
3.493823e+00 
3.312435e+00 
3.076320e+00 
2.365471e+00 
4.259336e-01 
3.876153e+00 
4.278735e+00 
1.760765e+00 
1.570149e+00 
2.354085e+00 
2.415591e+00 
3.026599e+00 
2.178469e+00 
3.656663e+00 
2.837513e+00 
3.883099e+00 
2.337649e+00 
2.786046e+00 
2.869085e+00 
1.234330e+00 
3.743284e+00 
3.002201e+00 
3.739853e+00 
5.125304e+00 
1.497609e+00 
3.223889e+00 
1.093854e+00 
3.983543e-01 
3.811995e+00 
1.530327e+00 
3.003231e+00 
4.888740e+00 
2.313464e+00 
6.916436e+00 
2.224274e+00 
5.908406e-01 
2.056268e+00 
8.939292e+00 
4.147315e+00 
1.839260e+00 
3.485060e+00 
2.838401e+00 
1.769893e+00 
9.776098e-01 
4.553678e-01 
2.739053e+00 
2.787655e+00 
3.730717e+00 
4.206476e+00 
3.288635e+00 
2.054942e+00 
3.309129e+00 
1.362071e+00 
2.753879e+00 
2.799137e+00 
5.038813e+00 
8.851458e-01 
3.727751e+00 
2.778916e+00 
2.164034e+00 
2.228789e+00 
4.070357e+00 
1.461803e+00 
3.369538e-01 
5.865551e+00 
3.292244e+00 
2.905877e+00 
2.255176e+00 
4.041977e+00 
1.909548e+00 
1.963768e+00 
2.878814e+00 
2.630521e+00 
3.323378e+00 
3.366618e+00 
2.504140e+00 
2.075035e+00 
2.223773e+00 
2.506357e+00 
4.932381e+00 
3.134008e+00 
3.328736e+00 
5.423394e+00 
1.136040e+00 
3.400636e+00 
1.054340e+00 
1.945693e+00 
3.152353e+00 
3.189551e+00 
2.612304e+00 
2.933433e+00 
1.675885e+00 
3.073035e+00 
2.479748e+00 
2.839226e+00 
2.758498e+00 
2.611298e+00 
4.152494e+00 
3.355215e+00 
1.867874e+00 
3.476484e+00 
1.758443e+00 
3.443303e+00 
1.108094e+00 
4.082024e-01 
2.439881e+00 
2.592004e+00 
4.889829e+00 
4.645554e+00 
2.062097e+00 
2.863600e+00 
1.861082e+00 
4.607941e+00 
6.339334e-01 
2.730518e-01 
7.970877e-01 
1.708483e+00 
2.571486e+00 
4.012761e+00 
3.940264e+00 
1.878090e+00 
3.072901e+00 
3.273799e+00 
2.468838e+00 
1.039781e+00 
4.472686e+00 
2.406681e+00 
3.630891e+00 
2.067383e+00 
3.436246e+00 
4.594727e+00 
2.128187e+00 
1.704992e+00 
1.237838e+00 
3.754385e+00 
3.069368e+00 
2.698623e+00 
1.943304e+00 
1.992279e+00 
2.306976e+00 
4.450745e+00 
1.900807e+00 
2.051075e-01 
1.828767e+00 
4.023497e+00 
2.506902e+00 
9.740325e-01 
2.429010e+00 
3.831065e+00 
7.584821e-01 
3.046246e+00 
1.601129e+00 
2.259258e+00 
3.083239e+00 
2.639019e+00 
2.657693e+00 
9.925058e-01 
4.928999e+00 
8.348815e-01 
2.784637e+00 
4.772579e+00 
5.224580e+00 
3.018149e+00 
3.236380e+00 
2.985515e+00 
4.401624e+00 
2.217775e+00 
4.217731e+00 
2.484334e+00 
2.721879e+00 
1.724512e+00 
1.651388e+00 
2.217992e+00 
2.739377e+00 
2.147381e+00 
4.572289e+00 
2.651254e+00 
1.597661e+00 
2.952840e+00 
3.129653e+00 
1.421246e+00 
2.241343e+00 
2.441854e-01 
2.012245e+00 
2.829146e+00 
1.492293e+00 
3.342286e+00 
1.662953e+00 
4.517461e+00 
5.657416e+00 
2.596680e+00 
4.562688e+00 
2.097354e+00 
1.923216e+00 
4.809355e+00 
4.736085e+00 
1.787674e+00 
1.307904e+00 
2.179426e+00 
2.940185e+00 
1.867670e+00 
2.247731e+00 
1.306252e+00 
2.604885e+00 
2.852716e+00 
2.703137e+00 
3.421877e+00 
2.018839e+00 
5.663597e+00 
2.065182e+00 
1.718592e+00 
2.280200e+00 
4.009499e+00 
2.619767e+00 
1.311700e+00 
3.533583e+00 
2.264949e+00 
2.096021e+00 
1.375667e+00 
1.172576e+00 
1.279542e+00 
2.238534e+00 
4.951688e+00 
3.428215e+00 
7.259140e-01 
1.571777e+00 
1.511042e+00 
1.953779e+00 
3.492730e-01 
1.954763e+00 
1.647144e+00 
7.502287e+00 
3.210040e+00 
1.351968e+00 
2.209308e+00 
1.389905e+00 
3.295701e+00 
3.808969e+00 
3.205988e+00 
4.430201e-01 
3.536256e+00 
4.225554e+00 
6.563744e+00 
4.116649e+00 
1.825339e+00 
3.004245e+00 
2.283080e+00 
4.042598e+00 
3.047347e+00 
1.276478e+00 
4.720375e+00 
1.375097e+00 
3.561623e+00 
1.704743e+00 
4.569346e-01 
1.347413e+00 
4.014417e+00 
4.374796e+00 
2.671642e+00 
3.035194e+00 
4.203188e+00 
1.019301e+00 
2.936063e+00 
6.621202e+00 
2.075063e+00 
2.135402e+00 
4.797881e-01 
2.366327e+00 
1.937576e+00 
4.378043e+00 
3.988050e+00 
1.986487e+00 
9.452518e-01 
3.661439e+00 
1.525353e+00 
1.747410e+00 
1.956483e+00 
2.014942e+00 
3.879527e+00 
8.068394e-01 
5.084798e+00 
1.284206e+00 
1.199577e+00 
4.766905e+00 
3.167333e+00 
2.142929e+00 
2.518772e+00 
9.518317e-01 
7.073452e+00 
2.121360e+00 
2.894262e+00 
3.401744e+00 
1.622286e+00 
2.399356e+00 
3.192151e+00 
9.054597e-01 
2.170788e+00 
2.865263e+00 
6.179983e-01 
1.057258e+00 
2.873811e+00 
3.252084e+00 
2.792457e+00 
2.239262e+00 
1.776493e+00 
1.573577e+00 
2.696632e+00 
2.290301e+00 
3.583586e+00 
3.439339e+00 
2.287326e+00 
7.296048e+00 
2.173396e+00 
3.542021e+00 
1.451662e+00 
1.856422e+00 
9.888919e-01 
3.688233e+00 
1.112222e+00 
1.503066e+00 
1.899214e+00 
2.824024e+00 
3.558518e+00 
2.801124e+00 
2.869470e+00 
5.066183e+00 
4.253934e+00 
3.387150e+00 
3.824232e+00 
2.684843e+00 
3.615993e+00 
1.755608e+00 
3.561011e+00 
2.227643e+00 
2.121253e+00 
2.155427e+00 
3.086194e+00 
1.996931e+00 
1.548253e+00 
1.962795e+00 
9.223255e-01 
9.713951e-01 
2.742279e+00 
1.761167e+00 
3.211936e+00 
1.163074e+00 
2.812308e+00 
2.311111e+00 
6.250243e-01 
2.253359e+00 
2.860348e+00 
1.526599e+00 
4.501231e+00 
3.503193e+00 
3.319775e+00 
2.018707e+00 
5.273779e+00 
2.682703e+00 
4.218654e+00 
1.847786e+00 
1.063083e+00 
2.931658e+00 
1.960037e+00 
2.471932e+00 
2.622309e+00 
2.477751e+00 
3.244162e+00 
2.455974e+00 
2.979874e+00 
3.145582e+00 
5.484283e+00 
7.905522e+00 
6.159224e-01 
2.813225e+00 
2.183747e+00 
1.527700e+00 
2.350483e+00 
8.636379e-01 
2.356118e+00 
1.073576e+00 
2.007937e+00 
1.782031e+00 
3.001375e+00 
3.440927e+00 
1.932122e+00 
1.690088e+00 
1.405980e+00 
2.039417e-01 
2.122683e+00 
3.111180e+00 
2.816937e+00 
2.402983e+00 
9.746191e-01 
3.400380e+00 
1.371043e+00 
1.126633e+00 
9.185378e-01 
3.769278e+00 
2.648486e+00 
3.265877e+00 
2.296501e+00 
2.804481e+00 
1.624911e+00 
2.679815e+00 
2.453895e+00 
1.490552e+00 
4.190466e+00 
2.915535e+00 
1.510830e+00 
1.676223e+00 
2.763522e+00 
2.604875e+00 
3.156490e+00 
3.059397e+00 
3.045404e+00 
1.574393e+00 
2.941509e+00 
3.106576e+00 
2.782139e+00 
1.368281e+00 
2.897740e+00 
9.535131e-01 
8.780492e-01 
2.806373e+00 
1.800961e+00 
3.332815e+00 
1.363593e+00 
2.307747e+00 
2.669601e+00 
4.294766e+00 
3.469530e+00 
1.995035e+00 
4.210304e+00 
2.390617e+00 
2.271057e+00 
2.125244e+00 
2.272098e+00 
2.838018e+00 
1.749712e+00 
3.061375e+00 
1.631014e+00 
1.340954e+00 
1.508178e+00 
3.137937e+00 
1.377807e+00 
2.369335e+00 
2.391112e+00 
2.635263e+00 
1.696728e+00 
4.992297e+00 
2.171113e+00 
2.274129e+00 
3.477232e+00 
2.360117e+00 
1.797833e+00 
1.571946e+00 
1.926902e+00 
2.411347e+00 
5.075098e-01 
2.810780e+00 
2.570631e+00 
3.863165e+00 
1.952886e+00 
4.251154e+00 
1.506722e+00 
2.434431e+00 
1.559590e+00 
1.604986e+00 
2.115058e+00 
2.224159e+00 
2.155901e+00 
2.656254e+00 
1.562096e+00 
9.449225e-01 
3.814830e+00 
1.728636e+00 
2.289683e+00 
3.350966e+00 
1.127822e+00 
1.575238e+00 
2.439276e+00 
1.720358e+00 
3.587772e+00 
4.704066e+00 
2.399377e+00 
2.125209e+00 
2.217342e+00 
4.127913e+00 
2.661287e+00 
2.423850e+00 
1.568703e+00 
3.235101e+00 
3.522375e+00 
1.659486e+00 
3.219933e+00 
9.829486e-01 
1.977340e+00 
3.261441e+00 
5.264830e+00 
1.086534e+00 
2.278229e+00 
1.958267e+00 
1.037751e+00 
3.312449e+00 
1.544508e+00 
4.251353e-01 
3.115505e+00 
1.723500e+00 
2.066002e+00 
2.115094e+00 
5.920894e-01 
3.009148e+00 
1.956376e+00 
1.982184e+00 
2.309990e+00 
1.642124e+00 
2.736754e+00 
2.399317e+00 
2.367546e+00 
1.611422e+00 
1.375404e+00 
3.286795e+00 
1.956492e+00 
2.477058e+00 
3.206070e+00 
5.142447e+00 
2.168883e+00 
4.764381e+00 
2.488332e+00 
2.386360e+00 
1.168826e+00 
3.906484e+00 
4.891671e+00 
1.557749e+00 
1.737603e+00 
1.615771e+00 
3.332312e+00 
2.759224e+00 
1.959894e+00 
2.441805e+00 
1.013701e+00 
1.615032e+00 
1.482866e+00 
2.245712e+00 
3.525711e+00 
1.940013e+00 
3.019227e+00 
2.994526e+00 
2.797651e+00 
2.475571e+00 
2.073098e+00 
6.468240e-01 
6.918470e+00 
3.580170e+00 
1.831335e+00 
2.116257e+00 
1.494029e+00 
2.842441e+00 
2.132888e+00 
2.949168e+00 
2.065029e+00 
3.991834e+00 
1.831111e+00 
2.952028e+00 
1.640012e+00 
3.225351e+00 
2.233564e+00 
3.739728e+00 
1.868694e+00 
1.265241e+00 
2.596255e+00 
2.134916e+00 
2.622803e+00 
3.219315e+00 
1.412675e+00 
1.640480e+00 
3.938760e+00 
5.086389e-01 
3.350288e+00 
2.423552e+00 
1.286827e+00 
1.930904e+00 
1.053680e+00 
3.947644e+00 
1.290659e+00 
1.702892e+00 
1.636725e+00 
2.793127e+00 
1.909404e+00 
2.598500e+00 
1.740047e+00 
2.127878e+00 
1.911512e+00 
2.662834e+00 
2.605023e+00 
3.277995e+00 
1.702379e+00 
8.432048e-01 
3.374297e+00 
2.731236e+00 
2.417370e+00 
2.370706e+00 
2.346084e+00 
2.631323e+00 
1.015112e+00 
3.554226e+00 
1.988700e+00 
2.822469e+00 
2.236781e+00 
3.704489e+00 
1.397700e+00 
2.186858e+00 
2.235932e+00 
2.313542e+00 
1.523236e+00 
2.644350e+00 
2.060630e+00 
1.891892e+00 
2.244728e+00 
2.120834e+00 
2.322873e+00 
1.644514e+00 
2.774561e+00 
3.062064e+00 
1.844638e+00 
7.001446e+00 
1.585370e+00 
2.346530e+00 
2.573824e+00 
2.936571e+00 
2.600463e+00 
2.416486e+00 
2.393049e+00 
1.854820e+00 
3.454869e+00 
2.054202e+00 
2.705139e+00 
3.442857e+00 
2.377883e+00 
2.059963e+00 
2.231146e+00 
3.563800e+00 
2.253710e+00 
1.339163e+00 
3.999676e+00 
3.474916e+00 
3.175442e+00 
3.379920e+00 
2.274500e+00 
2.250671e+00 
2.582981e+00 
1.851993e+00 
2.597034e+00 
1.707065e+00 
2.999480e+00 
3.378391e+00 
1.280183e+00 
2.261713e+00 
1.382846e+00 
1.125535e+00 
1.200474e+00 
2.612721e+00 
4.265664e+00 
2.096280e+00 
1.018781e+00 
2.583820e+00 
2.894234e+00 
2.177169e+00 
3.176470e+00 
2.049467e+00 
1.741338e+00 
1.732936e+00 
1.239081e+00 
2.980764e+00 
2.410239e+00 
2.569180e+00 
5.926742e+00 
1.547678e+00 
1.895043e+00 
1.734725e+00 
2.318017e+00 
2.177498e+00 
2.174221e+00 
1.757017e+00 
2.981160e+00 
2.290075e+00 
3.340593e+00 
2.284388e+00 
1.086074e+00 
1.503047e+00 
4.294443e+00 
2.555133e+00 
2.182157e+00 
2.037566e+00 
2.896505e+00 
3.268419e+00 
3.227986e+00 
2.934469e+00 
1.348575e+00 
2.295439e+00 
2.294446e+00 
3.388449e+00 
3.141471e+00 
5.141465e+00 
8.651446e-01 
1.838456e+00 
3.454863e+00 
1.878492e+00 
2.759297e+00 
3.261314e+00 
2.108818e+00 
1.130604e+00 
1.939043e+00 
1.539304e+00 
2.992900e+00 
2.332740e+00 
1.097230e+00 
1.497586e+00 
2.210224e+00 
2.156255e+00 
1.652256e+00 
1.818548e+00 
2.676738e+00 
2.232912e+00 
1.353873e+00 
7.343151e-01 
2.596285e+00 
1.465832e+00 
1.655019e+00 
2.939899e+00 
1.768550e+00 
3.822389e+00 
2.368834e+00 
1.928178e+00 
1.961663e-01 
1.530589e+00 
1.456811e+00 
2.210765e+00 
4.138505e+00 
3.607666e+00 
1.746389e+00 
1.158375e+00 
3.911236e+00 
1.265228e+00 
1.293458e+00 
3.917633e-01 
1.556634e+00 
2.002482e+00 
1.816944e+00 
9.407500e-01 
1.119140e+00 
2.609178e+00 
3.723481e+00 
1.915178e+00 
1.645348e+00 
3.178461e+00 
1.728297e+00 
2.106909e+00 
3.356381e+00 
2.558633e+00 
3.171307e+00 
3.578719e+00 
2.520765e+00 
1.030166e+00 
2.293680e+00 
2.186221e+00 
1.678599e+00 
1.619291e+00 
2.788810e+00 
2.294969e+00 
2.161886e+00 
2.762883e+00 
4.119245e+00 
3.224489e+00 
2.041886e+00 
2.165693e+00 
9.327297e-01 
3.577403e+00 
2.137839e+00 
1.616257e+00 
4.266952e+00 
4.262508e+00 
4.331246e+00 
2.905746e+00 
2.588113e+00 
2.424306e+00 
2.319156e+00 
2.212150e+00 
2.569946e+00 
8.219194e-01 
2.056018e+00 
2.185332e+00 
1.811069e+00 
1.484147e+00 
4.860530e+00 
1.688464e+00 
3.227758e+00 
3.357597e+00 
3.067003e+00 
3.509463e+00 
3.612220e+00 
1.699733e+00 
2.136930e+00 
1.841885e+00 
1.572761e+00 
1.263146e+00 
1.081659e+00 
7.583903e-01 
3.885130e+00 
1.273069e+00 
1.481544e+00 
1.100687e+00 
1.405177e+00 
2.830192e+00 
1.884840e+00 
2.164302e+00 
2.053534e+00 
1.423774e+00 
3.510224e+00 
1.298384e+00 
2.078810e+00 
2.234807e+00 
1.518451e+00 
4.045616e+00 
3.910082e+00 
2.892637e+00 
1.770370e+00 
2.889804e-01 
2.199817e+00 
1.315492e+00 
2.026800e+00 
2.858437e+00 
1.556027e+00 
3.566845e+00 
4.044116e+00 
1.663037e+00 
1.996186e+00 
1.634756e+00 
1.555676e+00 
8.086486e-01 
1.150606e+00 
1.808755e+00 
3.112845e+00 
1.553175e+00 
2.242636e+00 
1.814292e+00 
8.054936e-01 
2.256660e+00 
2.311782e+00 
2.223777e+00 
3.278130e+00 
2.291617e+00 
7.090474e-01 
2.102910e+00 
2.243285e+00 
5.415070e+00 
1.597675e+00 
2.262262e+00 
2.780817e+00 
1.866379e+00 
1.370782e+00 
1.664693e+00 
2.615668e+00 
1.416317e+00 
3.201517e-01 
2.647716e+00 
2.608541e+00 
1.429858e+00 
1.077108e+00 
2.349615e+00 
1.057472e+00 
1.633023e+00 
1.980996e+00 
2.856578e+00 
2.017565e+00 
2.464341e+00 
3.571144e+00 
1.409780e+00 
1.808669e+00 
3.930998e+00 
2.440076e+00 
1.784224e+00 
3.730980e+00 
2.025589e+00 
4.352110e-01 
3.192646e+00 
1.513944e+00 
1.910947e+00 
4.071065e-01 
1.298195e+00 
2.382077e+00 
1.943857e+00 
1.968848e+00 
2.941422e+00 
1.073568e+00 
2.284287e+00 
2.054999e+00 
1.388017e+00 
2.809151e+00 
1.514668e+00 
2.853162e+00 
2.156515e+00 
1.610825e+00 
3.358542e+00 
3.647087e+00 
1.633833e+00 
2.713373e+00 
2.224925e+00 
1.865277e+00 
1.910114e+00 
2.219926e+00 
8.155623e-01 
1.603861e+00 
2.127423e+00 
3.121257e+00 
1.096445e+00 
9.277451e-01 
2.248307e+00 
1.206025e+00 
1.709539e+00 
1.563054e+00 
2.118737e+00 
2.063306e+00 
2.825087e+00 
3.345830e+00 
5.118980e+00 
1.589624e+00 
2.123448e+00 
3.166175e+00 
3.447561e+00 
2.649146e+00 
1.914067e+00 
4.338974e+00 
1.171365e+00 
2.331473e+00 
3.042441e-01 
1.899619e+00 
2.121431e+00 
2.952695e+00 
3.259951e+00 
3.308125e+00 
1.336421e+00 
1.030242e+00 
9.924908e-01 
2.302668e+00 
1.903615e+00 
2.613703e+00 
2.436617e+00 
1.869185e+00 
2.110819e+00 
4.227468e+00 
1.924407e+00 
1.647910e+00 
2.173304e+00 
1.732240e+00 
1.230484e+00 
2.052670e+00 
2.108841e+00 
2.662600e+00 
1.817152e+00 
1.147314e+00 
5.532849e+00 
3.093336e+00 
5.081030e+00 
2.353310e+00 
1.224504e+00 
1.498115e+00 
2.010368e+00 
3.545035e+00 
8.837361e-01 
7.395876e-01 
1.554815e+00 
2.090316e+00 
3.076878e+00 
2.577266e+00 
2.576284e-01 
2.387182e+00 
2.884954e+00 
1.876979e+00 
1.983803e+00 
2.129116e+00 
3.242921e+00 
2.943282e+00 
2.479254e+00 
1.959091e+00 
3.804859e-01 
6.971351e-01 
3.821918e+00 
1.477794e+00 
9.599833e-01 
2.681038e+00 
1.006852e+00 
1.091311e+00 
4.917774e+00 
1.542889e+00 
3.442991e+00 
2.205498e+00 
2.012758e+00 
8.985876e-01 
3.677486e+00 
2.774914e+00 
2.812401e+00 
1.739735e+00 
1.735040e+00 
2.725716e+00 
1.771488e+00 
1.113833e+00 
2.967697e+00 
2.412402e+00 
2.779122e+00 
2.567442e+00 
3.024658e+00 
1.784891e+00 
2.753517e+00 
9.958955e-01 
2.157494e+00 
3.417081e-01 
9.376231e-01 
2.998019e+00 
3.980403e+00 
1.266701e+00 
1.533895e+00 
2.274126e+00 
2.073544e+00 
2.666124e+00 
2.590625e+00 
2.272432e+00 
2.154958e+00 
2.807507e+00 
2.501568e+00 
2.660833e+00 
2.135871e+00 
1.289173e+00 
1.368189e+00 
1.681243e+00 
2.848527e+00 
2.051557e+00 
2.147460e+00 
1.235983e+00 
3.177540e+00 
1.546298e+00 
2.956660e+00 
1.748813e+00 
9.355427e-01 
3.204402e-01 
2.725579e+00 
1.797453e+00 
4.919413e-01 
8.899968e-01 
2.603557e+00 
2.001104e+00 
4.955449e-01 
1.926993e+00 
1.935853e+00 
2.486768e+00 
1.767600e+00 
3.925416e+00 
3.147736e+00 
3.001690e+00 
1.143597e+00 
2.904231e+00 
3.235953e+00 
1.502806e+00 
1.610933e+00 
2.398113e+00 
2.143172e+00 
1.968688e+00 
7.244347e-01 
1.457800e+00 
2.523039e+00 
2.154835e+00 
1.585836e+00 
1.048286e+00 
2.399626e+00 
1.534795e+00 
2.230319e+00 
9.882250e-01 
2.544137e+00 
2.255424e+00 
1.666875e+00 
2.928695e+00 
2.669470e+00 
5.947549e+00 
1.146004e+00 
2.222064e+00 
2.000427e+00 
2.744835e+00 
1.062868e+00 
1.899724e+00 
1.661894e+00 
3.146737e+00 
4.657171e+00 
2.184356e+00 
2.371257e+00 
2.296527e+00 
2.075110e+00 
1.430361e+00 
1.849745e+00 
1.840595e+00 
8.008010e-01 
2.185332e+00 
2.584732e+00 
1.682712e+00 
1.867006e+00 
1.823783e+00 
1.461146e+00 
1.802701e+00 
3.692855e+00 
1.287875e+00 
1.301232e+00 
1.559065e+00 
1.941122e+00 
1.668041e+00 
1.286500e+00 
3.752909e+00 
7.704624e-01 
2.077527e+00 
7.472052e-01 
3.267116e+00 
3.156020e+00 
3.131241e+00 
2.240204e+00 
2.017486e+00 
2.180753e+00 
2.016136e+00 
1.803515e+00 
1.206849e+00 
1.342185e+00 
2.084912e+00 
2.273657e+00 
1.344798e+00 
2.378141e+00 
1.507313e+00 
1.573107e+00 
1.917104e+00 
1.948304e+00 
1.273878e+00 
6.785862e-01 
1.784192e+00 
1.069699e+00 
1.383750e+00 
1.148734e+00 
2.129988e+00 
2.519294e+00 
1.230320e+00 
2.751200e+00 
2.157832e+00 
1.841277e+00 
2.436055e+00 
2.667598e+00 
2.711358e+00 
2.433500e+00 
9.623171e-01 
1.444821e+00 
2.239145e+00 
1.625442e+00 
2.300542e+00 
1.695730e+00 
2.671312e+00 
1.442048e+00 
3.010058e+00 
1.157256e+00 
1.282520e+00 
1.751517e+00 
1.086061e+00 
1.451729e+00 
2.759120e+00 
2.195942e+00 
1.752944e+00 
2.441696e+00 
6.293942e-01 
1.781959e+00 
1.496243e+00 
5.281391e-01 
1.765047e+00 
1.604794e+00 
2.311940e+00 
1.916068e+00 
1.147830e+00 
2.255271e+00 
2.600516e+00 
1.074013e+00 
1.359520e+00 
2.625346e+00 
1.076588e+00 
2.208626e+00 
1.991107e+00 
8.189267e-01 
1.992767e+00 
1.550165e+00 
2.243557e+00 
2.023460e+00 
1.069956e+00 
1.421543e+00 
6.146967e-01 
1.910854e+00 
1.510670e+00 
1.581973e+00 
1.690822e+00 
1.350809e+00 
1.520857e+00 
1.509063e+00 
2.112436e+00 
1.285493e+00 
2.431022e+00 
1.672113e+00 
1.131778e+00 
1.836594e+00 
1.443011e+00 
2.580450e+00 
1.506038e+00 
1.446967e+00 
2.585056e+00 
2.166459e+00 
1.467546e+00 
1.483747e+00 
3.904860e+00 
1.461865e+00 
2.664031e+00 
1.568410e+00 
8.956882e-01 
2.544021e+00 
3.102861e+00 
2.212331e+00 
2.132007e+00 
2.613544e+00 
2.041790e+00 
1.091948e+00 
1.998585e+00 
2.532599e+00 
1.692194e+00 
2.227324e+00 
2.004647e+00 
2.294822e+00 
4.305854e+00 
2.244567e+00 
1.688029e+00 
5.433168e+00 
2.110010e+00 
1.456162e+00 
1.841932e+00 
1.761794e+00 
1.742570e+00 
1.615021e+00 
1.599634e+00 
2.495917e+00 
1.397320e+00 
1.550078e+00 
8.667659e-01 
1.433979e+00 
1.226519e+00 
1.528187e+00 
2.414553e+00 
2.962952e+00 
1.026500e+00 
2.344628e+00 
2.261531e+00 
2.277248e+00 
1.544511e+00 
1.719849e+00 
1.535595e+00 
1.187429e+00 
2.198789e+00 
1.542208e+00 
2.169067e+00 
7.895375e-01 
9.836569e-01 
9.779491e-01 
1.003642e+00 
3.108977e+00 
2.019755e+00 
1.874079e+00 
1.881575e+00 
5.101696e-01 
1.392548e+00 
2.426757e-01 
1.938359e+00 
1.153032e+00 
1.074466e+00 
1.297762e+00 
1.450475e+00 
2.626236e+00 
4.168009e-01 
9.043029e-01 
1.399078e+00 
1.637296e+00 
1.206026e+00 
1.080716e+00  
