-2.951335e+00
1.212196e+00
-2.479191e+00
7.217677e-01
3.436759e+00
3.753092e-01
-4.155829e+00
1.920540e+01
-6.461348e+00
1.810142e+00
-3.501149e+00
3.769767e+01
-2.038473e+00
-3.189279e+00
3.276351e+00
1.138849e+00
-1.055024e+01
9.581069e+00
-7.335908e-01
-1.514822e+00
-9.919348e-02
4.303406e+00
-1.679825e+01
1.163511e+01
-1.682767e+01
2.376023e+00
-5.639785e+00
1.794323e+00
-4.064821e+00
2.000938e+00
1.725732e-01
-1.105415e+00
-1.519975e+00
2.661491e-01
-1.458330e+00
4.096482e-01
1.813844e+00
-2.177714e+01
9.573465e-01
-1.973766e+01
-1.082844e+01
-2.595411e+01
-3.906881e+00
8.003487e+00
1.993865e+00
-1.413853e+01
1.161470e+01
2.466803e-01
-2.304251e+00
-1.588553e+00
-3.522579e+00
-1.894906e+00
-3.459521e+00
9.774874e+00
-5.849969e+00
4.250323e+00
-2.431795e+00
-5.907608e-01
7.510671e-01
-5.814793e+00
-1.295937e+01
-1.704631e+00
1.179342e-01
-8.793526e+00
-6.218876e+00
2.869770e+00
5.806053e+00
-1.982231e+01
-1.377152e+01
1.387789e+00
-4.175658e-01
-1.979704e+00
-4.517736e-01
-2.066857e-02
-1.847536e+01
1.979081e+00
-3.572094e+00
-4.122258e+00
1.707677e+01
-4.066202e+00
2.946433e+00
6.620330e-01
-5.279682e+00
2.182011e+00
5.430010e-01
-5.396807e+00
-6.049348e-01
-3.355856e+00
-1.269648e+01
5.554822e-01
-2.062465e-01
3.329557e+00
-4.532604e+00
7.815320e-01
-4.187432e+00
-8.100116e+00
-1.103953e+00
-9.601642e+00
7.627550e-01
-2.869518e+00
1.684358e+00
9.886790e+00
-4.159472e+00
1.025663e+00
-1.557357e+00
-2.895776e-01
3.774600e-01
1.545987e+00
1.508149e+01
-8.921136e+00
2.944398e+00
-4.372996e+00
5.726400e+00
-5.356207e+00
2.226392e+00
-3.694953e+00
-1.083038e+00
-8.228841e+00
3.100681e+00
5.347093e+00
1.508419e+00
3.729762e+01
-8.743150e+00
-1.228102e+01
3.423400e+00
-3.033242e+01
-4.079968e+00
1.218538e+00
-2.274417e+00
-2.250536e+00
4.674597e-01
3.412711e+01
-8.509502e-01
1.215446e+01
2.181933e+01
-2.817537e+00
-3.267041e-01
2.971278e+00
-1.727878e+00
1.911809e+01
-6.389917e+00
4.385723e+00
-2.450756e+00
-1.055614e+01
3.619907e+00
5.351492e+00
-1.062960e-01
1.487314e+00
-1.547142e+01
-9.038601e+00
-9.504914e+00
2.043517e+01
-4.214463e+00
1.972081e+01
4.215823e-01
2.606450e+00
9.334611e+00
4.324613e-02
-1.071746e+01
1.875791e+00
-7.668220e-01
8.788857e+00
1.230629e+01
1.315225e+00
5.831048e-01
2.706475e+00
-3.669513e+01
4.448090e+00
-2.929141e+01
-2.626094e-01
3.813249e+00
-5.555295e+00
1.587776e+00
-4.379962e+00
1.159081e+01
1.217244e+00
5.209668e+00
7.949448e+00
1.738243e+00
-1.423935e+01
1.438519e+01
2.680231e+00
-3.193156e+00
-3.383572e-01
-3.693925e+00
3.702561e+01
-1.224935e+00
9.295208e+00
5.366667e+01
1.992405e+00
9.096440e+00
-6.627648e+00
1.550172e+00
3.955418e+00
-1.442229e+00
-3.626560e+00
-9.215765e-01
2.717766e+00
-2.610526e+01
6.024439e+00
2.688382e+00
-5.087253e+00
6.939617e+00
9.970308e+00
7.678927e-02
-3.904132e+01
1.618582e+00
-1.934808e+01
-1.046911e+01
3.123922e+00
3.524103e+00
-2.572925e+00
1.983496e+01
-1.649756e+00
1.525870e+01
-3.157528e+00
-1.604777e+01
2.550596e+01
1.004427e+00
-5.870596e-01
-2.231947e+00
-5.048478e+00
-7.875351e+00
2.041100e+00
5.584309e+00
5.999215e+00
2.471992e-01
-4.089128e+00
1.343723e+00
1.107834e+01
1.245307e+01
-3.975284e+00
7.082953e+00
-2.862156e-01
4.361196e+01
4.551290e+01
3.397335e+01
-2.087210e+00
-3.264066e+00
7.756816e-01
-5.055472e+00
1.138556e+00
9.934518e+00
3.668926e+01
1.076877e+01
7.422482e+00
1.936177e+00
1.411102e+00
-2.026548e+01
3.549383e+00
-2.678029e+01
4.570712e+00
1.718779e+01
2.351786e+01
5.217305e-01
-2.345013e+01
3.660591e+00
2.300670e+01
-2.440631e+00
-9.450585e+00
-4.468842e+00
3.397344e+00
-9.122505e-01
4.579906e+00
3.535944e+01
5.050776e+00
-1.759723e+01
1.156977e+01
-1.884927e-01
-4.251467e+00
4.692128e+00
-1.649782e+01
-5.830603e+00
1.053074e+01
-1.254018e+01
-1.674042e-01
-2.079294e+00
-5.261097e+00
1.106048e+01
-1.115536e+00
1.447747e+01
1.499896e+01
-7.708285e+00
1.036560e+00
-4.347408e+00
-3.363114e+00
2.542589e-01
2.783201e+01
5.762553e+00
-5.313306e+00
-2.253363e+00
3.851914e+00
-8.489173e+00
-1.117839e+01
1.410319e+01
1.975968e+00
-6.708842e-01
-5.845376e-01
-8.497092e+00
5.252473e+00
1.474827e+00
-6.561311e+00
-1.259009e+01
-4.508393e+00
9.829673e+00
5.872563e+01
3.045910e+00
9.588634e-01
-1.547229e+01
-5.702638e+00
3.360929e-01
-9.204983e-01
2.990022e+01
-6.000329e+00
2.124333e+01
9.089480e+00
-3.910129e+00
5.186722e+00
-5.272153e+01
-9.230319e+00
1.149399e+01
4.007740e+00
2.218661e+00
1.248314e+00
-1.390225e+00
5.936057e-01
1.372127e+00
3.416789e+00
1.022651e+01
5.523660e+01
1.329845e+01
-1.950800e+00
-7.912547e+00
6.054903e-01
3.026805e+01
-9.431687e+00
-5.643002e+01
-2.889998e+01
3.268052e+01
2.027222e+00
-1.548133e+01
-2.604000e+01
2.335946e+01
3.194911e+01
1.075482e+01
-4.616817e+01
-1.370704e+01
-1.126635e+01
2.145580e+01
3.058455e-01
8.645741e+00
-1.677835e+01
-4.935845e+01
6.513126e+00
-9.227184e+00
-7.179750e+00
1.427160e+00
4.750616e+00
-2.335405e+01
-1.759471e+01
-1.532936e+01
-9.830236e-01
-2.444377e+01
-6.340201e+00
1.694802e+01
3.617818e-01
-8.494848e-01
-5.906462e+00
-7.604196e+00
1.560025e+01
-8.581189e+00
-2.930841e+01
6.985634e-01
-1.886224e+01
1.212631e+00
2.305463e+01
1.301383e+01
2.166968e+00
-1.934546e+00
1.686361e+01
6.993628e+00
3.666133e+00
-1.562841e+00
-4.640420e+00
-7.023308e+00
3.172626e-01
3.078744e+00
-1.699150e+01
1.266349e+01
-3.399836e+01
-7.414729e+00
-1.389718e+01
-4.620481e-01
-3.718539e+00
3.274340e+00
-3.884111e+00
-6.197877e+00
1.243295e+01
5.846903e+00
-1.186089e+01
5.540401e-01
-5.999166e+00
-1.051319e+01
-1.637687e+01
-2.083424e+01
-2.941256e+01
-6.781880e+00
-3.321644e+00
1.158220e+00
-3.226115e+01
9.137756e+00
1.150023e+00
4.117696e+00
-5.346679e+01
-4.030055e+00
-2.294362e+01
-4.172822e+00
3.357678e-01
4.181864e+00
-7.191652e-01
2.165090e+00
-2.134734e+01
-2.788867e+01
4.270898e+00
2.995161e+01
-8.831921e-01
-2.150944e+00
2.460587e+00
-2.845610e+01
3.777136e+01
-3.974503e+00
-1.676971e+00
-5.030790e+00
4.175711e+00
-1.068053e+01
8.101576e-02
4.037598e+00
5.386294e-01
2.738857e+01
1.562522e+01
1.033765e+01
-3.198511e+00
-2.546555e+01
-2.511772e-01
-9.344801e+00
3.035555e+00
1.007892e+01
9.815171e+00
-3.436963e+01
-1.886846e+01
-7.362640e-01
3.131345e+00
-6.907765e+00
1.039769e+01
2.551600e-01
-1.254052e+00
-1.050240e+01
-3.277219e+01
-1.733047e+01
1.123729e+01
-2.832855e+01
-1.456855e+01
4.262037e+00
-5.670287e-01
-2.250730e+00
-4.438445e+00
-2.128686e+00
-1.822155e+00
1.664217e+00
1.122262e+00
5.391846e-01
1.050669e+01
-1.736417e+01
1.833813e+01
4.048369e-03
6.566276e-01
-4.914415e+00
9.449141e+00
2.133903e+00
1.019947e+01
-6.133445e+00
2.213369e+00
1.139204e+01
-6.128254e+00
-5.149458e+00
5.293908e+00
6.888729e+00
2.010006e+01
-3.559395e+00
9.197320e+00
-1.356906e+01
9.637221e-01
-8.321104e-02
3.695382e+01
2.606277e+00
-1.594298e+01
6.692497e+00
-5.126264e+00
2.693147e+01
-2.876046e+00
-1.315123e+00
-6.831038e+00
4.112001e+00
-1.277801e+01
1.110921e+01
2.967805e+01
2.782129e+00
1.441942e-01
-2.010020e+00
6.918125e+00
2.994527e+00
1.877939e+01
2.388731e+00
3.155103e+01
1.274406e+01
-2.949297e+01
-1.761114e+01
6.286910e+00
-2.621271e+01
6.062788e+00
1.089853e+00
7.385122e+00
-1.940915e+01
-1.539637e+00
-1.075441e+01
-2.010986e+01
1.349853e-01
-5.610432e+00
1.867620e+00
1.809004e+01
-2.842585e+01
-2.507809e+00
1.217195e+00
-4.828470e-01
-1.086775e+01
3.637366e+01
-5.924521e+00
-1.882508e+01
8.077448e-01
1.151187e+01
2.794128e+00
1.127289e+00
5.629319e+00
1.121654e+01
1.699258e+01
-2.101845e+00
-8.333967e-02
-1.357010e+01
-9.555329e+00
-8.505736e-01
-9.246936e-01
9.540871e+00
-1.347396e+01
-2.680752e+01
3.042150e-01
-1.868350e+01
5.464287e+01
1.916382e+01
3.569158e+00
3.107012e+00
-1.133874e+01
2.166378e+01
2.236268e+00
-1.864738e+01
-5.873353e+00
6.891705e-01
5.567788e+00
-2.229205e+01
2.861317e+00
-4.548491e+00
-2.507393e+00
-8.845945e+00
1.764064e+01
1.627150e+01
2.796875e+01
3.871210e+00
-8.459793e-01
-2.784367e+01
-7.048830e+00
2.675587e+01
1.815637e+01
-4.274473e+00
1.412161e+01
1.053214e-01
-1.928047e+01
-1.005181e+01
-2.354300e+01
1.137016e+01
-1.827741e+00
2.080090e+01
9.303809e+00
4.889856e+01
-2.200120e+00
-4.435276e+00
-1.641589e+00
-2.520572e+00
-9.706034e+00
1.401472e+01
1.713638e+01
-2.390116e+01
4.823021e+00
-1.554190e+01
9.671059e+00
-2.600785e+01
-2.519537e+01
-2.202597e+01
-5.423320e+01
1.308850e+01
6.643727e+00
1.964353e+01
1.848428e+01
1.076206e+01
8.114827e+00
2.012197e+01
-6.608323e+00
-6.443239e+00
-2.542614e+01
3.075533e+01
-3.758932e+01
-9.280191e-01
-1.119242e+01
9.942679e+00
-3.789969e+00
1.375275e+01
-1.093932e+01
-2.984440e+01
-2.150279e+01
-2.571791e+00
2.395232e+01
-2.529405e+01
5.534484e+01
1.750218e+00
2.298791e+01
1.532298e+01
9.832069e+00
2.139829e+00
2.460376e+01
1.003988e+01
-4.172258e+01
-8.582692e+00
3.934801e+01
-8.602834e+00
-2.039842e+00
-1.209057e+00
-9.862922e+00
-6.731120e+00
-9.599672e+00
-2.418924e+01
-1.785434e+01
1.896626e+00
-1.109013e-01
2.040300e+01
-8.115028e-01
1.600424e+01
1.349748e+01
-5.760521e+00
-1.034932e+01
-1.317796e+01
2.527152e+01
8.990949e+00
1.945745e+01
2.054983e+01
5.742300e+00
-7.764403e+00
-1.180772e+01
-1.866601e+01
2.791317e+01
-1.581728e+01
-4.201456e-01
1.788165e+01
1.852088e+01
-8.996892e-01
-9.549074e+00
9.752113e+00
3.474919e+01
-8.527050e+00
6.290489e+00
-1.057643e+01
-3.315655e+01
1.521329e+01
-1.845638e+01
1.631031e+01
-3.206143e+01
-1.294329e+01
-9.131701e+00
2.915975e+01
6.489258e+00
-2.900911e+00
7.137203e+00
6.938591e+00
1.235149e+01
3.512119e+01
4.044802e+00
-1.923191e+01
-7.223743e-02
-3.162823e+00
-6.695988e+00
-1.450551e+01
1.637504e+01
-3.718173e+00
3.494403e+01
-5.502598e+00
-1.271370e+01
-1.002856e+01
-3.775072e+01
-6.502765e+00
1.701261e+01
3.349159e+01
-1.829773e+00
-4.421436e+01
3.646447e+01
-1.142736e+00
-1.009575e+01
9.795899e-01
-4.047416e+00
3.335401e+01
2.384750e+01
8.421963e+00
5.901628e+00
-6.794604e+00
8.033078e+00
5.863184e+00
1.894414e+01
-2.413606e+01
3.030586e+01
-5.846172e+00
3.202334e+01
-1.400461e+01
-7.864484e+00
-7.699264e+00
-9.544962e+00
-1.105944e+01
2.149754e+00
-1.827598e+00
-8.465780e+00
-2.393310e+01
3.441505e+01
1.977752e+01
-5.447605e+00
-1.960010e+01
5.049514e+00
-1.083519e+01
-1.919073e+01
3.032664e+01
4.565851e+01
-1.546354e+01
2.052385e+01
2.554320e-01
6.780892e+00
-4.684684e+01
-1.553840e+00
1.691610e+00
1.554078e+00
-1.065335e+01
8.333424e+00
-1.948837e+00
-1.989498e+01
6.729069e+00
-4.177052e+00
-1.664161e+01
-1.979283e+01
-5.028022e+00
-2.366365e+00
5.506540e+00
-4.771746e-01
-2.990987e+00
3.974720e+00
7.993860e+00
-1.560374e+01
-3.618914e+00
1.079024e+01
-4.500363e+00
-2.165538e+00
-1.088342e+00
-8.409100e-01
5.524339e+00
-9.169653e-01
6.111892e+00
8.183092e+00
-4.190433e+00
-1.183939e+01
1.311225e+01
9.946555e+00
3.653084e+00
-9.081738e+00
-8.596670e+00
4.883535e+00
-4.368770e+01
2.103345e+01
3.041525e+01
1.458727e+00
-1.152485e+01
2.796253e+01
-2.001833e+01
-1.857368e+00
2.214205e+01
7.396700e+00
7.457015e+00
-2.451363e+01
-4.749502e+00
2.818532e+01
-6.135857e+00
-1.183715e+00
1.465168e+01
-2.918718e+00
1.666218e+01
-1.213202e+01
3.159907e+00
-2.859144e+01
1.180663e+01
-9.768327e+00
-1.168547e+00
2.790833e+00
1.535865e+00
1.836261e+00
1.961645e+00
6.083433e+00
-3.884638e+00
-1.395704e+01
-1.357760e+01
-1.666190e+01
7.458007e+00
3.726365e+01
9.177035e+00
-1.548145e+01
-1.254540e+01
1.121869e+01
-8.597651e+00
2.731178e+01
-4.881744e+00
3.286534e+00
2.246786e-01
-2.887673e+00
-1.480532e+01
7.986500e+00
3.561045e+01
-5.235771e+00
-8.162783e-01
2.806823e+01
-1.216987e+01
-3.606176e+00
-8.167370e+00
-5.433828e+01
-9.711676e+00
-1.420771e+00
-9.287583e+00
-7.924968e+00
9.613805e+00
-1.046883e+01
9.806751e+00
4.130745e+00
1.545529e+01
-1.756015e+01
1.735487e+01
-4.931508e+00
1.449568e+01
-6.585531e+00
1.438121e+01
-1.322115e+01
4.643326e+00
3.709406e+01
-3.715792e+00
-3.350635e+00
4.287149e+01
-2.347739e+00
1.093345e+01
-9.430762e+00
2.232047e+01
-1.556935e+01
-1.680501e+01
-1.976960e+01
2.552299e+01
-4.426716e+01
-1.237262e+01
1.301936e+00
4.557578e+00
1.138433e+00
6.558058e+00
-2.898078e+00
-1.970547e+00
-6.014633e+00
5.251847e+01
1.395501e+00
-1.325631e+01
2.950656e+01
7.184571e+00
-7.270896e+00
-4.820614e+00
-7.634908e+00
2.827709e+01
-1.428880e-01
-2.265692e+01
-1.737677e+01
-7.189748e+00
-6.783167e+00
-9.397592e+00
1.400399e+01
7.461147e+00
6.950861e+00
1.206673e+01
4.627319e+00
-3.755682e+00
-4.751215e+00
-2.990880e+01
-1.740314e+01
1.024559e+01
-2.801269e+01
-1.428059e+01
-2.243462e+00
-4.615362e+00
-4.741277e+00
-1.935671e+01
-1.204812e+01
4.605452e+01
-5.666497e+00
-1.445195e+00
-2.908511e+01
1.014159e+01
-2.775643e+00
1.707299e+01
5.755300e+01
4.508240e+01
8.692792e+00
-9.149030e+00
-3.557449e+01
-7.455464e+00
-2.232100e+01
-1.263126e+01
3.993015e+01
-3.609378e+01
-1.869135e+01
-3.042254e+01
-3.719441e+00
4.218911e+00
1.289254e+01
2.387043e+00
1.615149e+01
-3.937105e+01
2.313773e+00
-3.656519e+01
-8.267205e+00
-8.229644e+00
8.072683e+00
7.818503e+00
-1.881520e+00
-5.407300e+00
-3.972139e+00
7.922108e-01
-5.831016e-01
-4.751773e+00
-3.007117e+01
2.241436e-01
-2.872571e+01
-2.368659e+01
1.542136e+01
-5.000943e+00
-1.377836e+00
-2.600418e+01
1.920112e+00
-2.467116e+00
-2.222649e+01
-5.810684e+00
1.265697e+01
3.058231e+00
3.009022e+00
-2.952084e+00
-6.370384e+00
-3.926710e+01
2.109448e+00
8.524046e-01
-1.060098e+01
2.672724e+01
-2.285963e+01
-9.317698e+00
-2.849618e+00
1.886237e+01
1.504583e+01
8.817223e+00
1.524469e+00
-5.217996e+00
1.926949e+01
3.064391e+01
-2.128519e+00
-7.193286e+00
2.243435e+00
-8.494236e+00
-3.126538e+01
-2.318206e+00
-3.825112e+00
1.901697e+00
-1.330005e+01
3.991133e+00
-9.708450e+00
1.393719e+01
-2.520274e+01
1.732957e+01
2.056390e+00
1.661729e+01
1.139553e+01
-1.160912e+01
-7.477001e+00
9.755555e+00
2.731652e+00
-1.399494e+01
-4.869087e+00
-5.199483e+00
1.433676e+01
-1.510386e+01
-1.241112e+01
1.706145e+01
5.991744e+00
4.776284e+00
1.163195e+01
-1.064397e+01
-2.658345e+00
-1.307086e+00
-1.011444e+01
-1.559392e+00
7.536248e+00
5.072135e+01
-9.458350e+00
2.389808e-01
2.705302e+00
1.028457e+00
4.771516e+00
-2.812850e+00
-4.436709e+01
-1.768389e+01
-8.923831e+00
-4.432122e+00
2.881058e+01
-3.531927e+01
2.318055e+00
8.643904e-01
-1.817913e+00
2.094222e-01
-7.214825e+00
1.685048e+01
6.548892e+00
1.951741e+01
-7.113038e+00
-2.312360e+00
-2.106992e+00
-3.539770e+00
1.149194e+01
6.086114e+00
1.443694e+01
-2.308085e+01
5.736527e+00
6.728933e+00
2.299080e+00
-2.150364e+01
-6.956821e+00
1.327976e+01
-4.395537e+01
7.296710e+00
2.271777e+01
-4.360369e+00
2.873942e+01
-4.358329e+01
1.065595e+01
2.278479e+01
1.455117e+01
7.515473e+00
3.767282e+01
9.085292e+00
-6.706105e+00
5.787456e-01
6.070629e-01
-1.180376e+01
-1.662286e+01
-6.589301e+00
-4.789425e+00
2.299414e+01
-1.027902e+01
1.643824e+01
1.613940e+01
4.960348e+00
6.338298e+00
2.135063e+01
4.833643e+00
1.137343e+01
1.016649e+01
9.557011e+00
1.725410e+01
-2.028754e+00
-2.686218e+01
-3.810288e+01
-3.330384e+00
-7.599371e+00
1.308968e+01
1.145299e+00
7.994455e+00
4.888739e+01
2.053722e+01
-2.281290e+01
2.423169e+01
-1.223467e+01
3.904911e+01
-6.563090e+00
-1.416573e+01
-1.039598e+01
-1.076900e+01
3.166133e+00
1.996966e+01
2.111937e+01
-5.116518e+01
-2.430940e+01
2.979916e+00
-3.042563e+01
-3.448402e+01
-1.197595e+01
-3.718038e+01
-1.649602e-01
4.060441e+00
-4.054783e-01
-4.814088e+01
7.149253e+00
1.478378e+01
-3.512679e+00
1.069913e+01
-7.712501e-01
-3.440230e+01
1.083140e+01
8.618852e+00
9.715761e+00
1.118049e+01
1.374751e+01
-3.238904e+01
-1.181909e+01
-3.679413e+01
1.360512e+01
2.956858e+00
1.377703e+01
7.269001e+00
2.090694e+01
1.437530e+01
-1.599155e+01
-3.389562e+00
-1.314584e+01
-1.677692e-01
5.587302e+01
3.996829e+01
1.261931e+01
2.361786e+01
1.730176e+01
1.347093e+00
-9.443166e+00
1.192383e+01
-1.171674e+01
2.709790e+00
9.747002e+00
-1.162013e+01
2.306966e+01
1.748393e+01
6.486243e+00
4.282242e+00
1.657849e+01
1.619593e+00
-3.051763e+00
-1.243927e+01
-3.739030e+01
-4.921452e+01
2.721448e+00
5.369606e+01
2.003487e+00
6.135094e+00
3.051461e+01
-7.401728e-01
-1.667243e+01
4.462411e+01
-3.111750e+00
-1.246723e+01
7.203061e+00
-1.686310e+01
-5.441000e+01
5.904050e+01
7.495572e+00
-2.096766e+01
-4.899877e-01
2.421318e+01
-1.916432e+01
2.448331e+01
1.115552e+01
-2.229603e+01
-1.277938e+01
-2.978424e+00
-3.490371e+01
4.980662e+00
1.615880e+01
2.033059e+00
2.891654e+01
-1.082854e+01
-2.999151e+00
2.299808e+01
-1.915999e+01
-3.786614e+01
-1.792291e+01
-5.887613e+00
1.644787e+01
2.044775e+01
1.392869e+01
-4.564781e+00
3.604477e+00
-2.215567e+01
1.808157e+00
-4.236121e+00
2.399462e+01
-2.460679e+01
-3.786414e+00
-2.012240e+01
-3.477393e+01
2.885513e+01
3.278087e+01
-5.406019e+00
2.258227e+01
3.938172e+01
2.149942e+01
1.257773e+01
-1.271533e+00
4.410622e+01
-2.619767e+00
3.384819e+01
-5.255630e+00
-1.623844e+01
1.713318e+01
2.933400e+01
-1.409878e+01
-3.505390e+01
-1.651658e+01
-1.297100e+01
9.098839e+00
-3.530111e+01
-1.140819e+00
3.308963e+01
1.677883e+01
4.705973e+01
3.685541e+01
-2.930105e+01
-6.234222e+00
5.013305e+01
-1.987738e+00
-9.868262e+00
1.776039e+01
8.958016e+00
-1.466501e+01
-1.276791e+01
3.853938e+00
-4.626119e+00
1.848012e+01
-2.224826e+01
-1.443745e+01
-3.054321e+01
2.323753e+01
-3.278553e+01
-5.940508e+00
-8.247525e+00
3.831853e+01
-4.432757e+01
-2.290282e+01
-6.526048e+00
1.129611e+01
-1.881784e+01
-8.911380e+00
1.609833e+00
1.308789e+01
5.578157e+01
2.498475e+00
1.097555e+01
2.191508e+01
8.415156e+00
-2.609906e+01
5.448726e+01
-2.693464e+01
2.786868e-01
3.464275e+00
-1.109319e+01
-4.267351e+01
1.125958e+01
-1.385251e+01
-2.873223e+01
-2.108124e+01
-4.975187e+01
-3.853783e-01
6.879733e+00
1.137015e+01
-3.683604e+01
-4.545390e+00
2.808813e+01
-2.245052e+01
7.111788e+00
2.569035e+01
-5.578379e+01
9.702506e+00
2.902344e+01
3.423915e+01
3.701385e+01
-1.229374e+01
1.042461e+00
1.510509e+01
3.433092e+01
4.407303e+01
-6.361743e+00
5.602095e+01
-2.131436e+01
-3.466778e+01
1.505742e+01
-3.119711e+00
3.353671e+00
1.646169e+01
2.534944e+01
-4.226471e+00
5.468741e+01
-1.733783e+01
-3.845968e+00
1.120605e+01
3.456769e+01
1.315005e+01
3.990802e+01
2.417023e+01
2.939186e+00
-2.500861e+01
4.999107e+01
2.068136e+01
3.247372e+01
-1.472174e+01
1.715761e+00
-1.702839e+00
-1.074825e+01
-2.486181e+01
3.398431e+01
1.979734e+00
-1.552034e+00
-3.378536e+01
1.598868e+01
-4.380422e+01
-3.521823e+00
3.388799e+01
2.874633e+00
-1.433890e+00
-3.743830e+00
2.649862e-01
4.289841e+01
-5.605980e+01
-3.175003e+01
4.595542e+01
-1.481271e+01
3.321834e+00
2.176257e+01
-2.929892e+01
-5.178858e+01
1.090057e+01
-2.710392e+01
-3.200405e+01
1.084267e+01
2.128792e+01
9.356211e+00
-8.141878e+00
-4.203562e+00
1.725218e+01
-1.722153e+01
1.864014e+01
-5.258532e-01
4.589985e+01
6.659510e+00
-4.114127e+01
-1.129012e+01
4.646423e+01
2.952871e+01
-2.703901e+01
-4.731457e+01
1.810221e+01
-3.573716e+01
3.190951e+01
-3.824031e+00
-3.801482e+00
5.374737e+00
2.962683e+01
-4.532322e+01
1.549388e+01
-2.208587e+00
-2.203045e+01
1.728177e+01
-5.793377e+01
-1.167552e+01
-4.415543e+01
7.201084e+00
1.240943e+01
-1.216327e+01
-2.804182e+01
2.868911e+01
-5.356113e+01
2.505342e+01
-1.591930e+01
1.852000e+01
-3.063441e+01
-1.023873e+00
9.910687e+00
3.885078e+01
5.704415e+01
-5.626038e+00
2.117798e+01
1.119738e+01
-3.890945e+01
-7.033453e+00
2.746481e+00
-1.750887e+01
-9.964483e+00
-1.220522e+01
7.433610e-01
4.902787e+01
5.797005e+01
3.698154e+01
-2.705627e+01
-1.713886e+01
-4.962953e+01
-5.587227e+00
1.136395e+01
-1.848865e+01
7.016124e+00
-2.581662e+01
-1.778996e+01
-2.068906e+01
-5.830334e+00
-4.245216e+01
3.129555e+01
2.557981e+01
-6.523367e-02
3.355802e+01
1.664914e+01
1.164511e+01
3.544488e+01
-1.213418e+00
-3.044261e+00
-4.477656e+01
2.519329e+01
-3.875024e+01
-2.876191e+01
1.029362e+01
-5.285811e+01
-5.298416e+00
2.269236e+01
2.211238e+01
4.125734e+01
-1.534822e+01
-4.349358e+01
3.022589e+01
3.481092e+01
1.179759e+01
-4.605160e+00
2.608607e+01
4.421766e+00
1.923132e+01
3.209130e+01
8.521467e+00
1.000243e+01
2.834886e+01
-3.534569e+01
-4.189092e+01
5.528709e+01
4.669304e+01
-2.543851e+01
-5.348114e+01
-1.346917e+01
1.562022e+01
4.364047e+01
6.280567e+00
-1.465828e+01
3.156524e+01
4.145657e+01
2.537492e+01
2.202620e+01
2.542508e+00
2.075730e+01
-8.288941e-01
2.188547e+01
-3.156955e+01
1.803877e+01
-1.283106e+01
-4.328031e+01
-2.999427e+01
-4.441139e+01
-6.551393e+00
-8.761121e+00
-4.793514e+01
-5.878905e+00
1.052018e+01
2.374349e+01
4.223184e+01
2.666359e+01
-1.314747e+01
2.647097e+00
2.696357e+01
-3.775301e+01
1.003543e+01
-7.679712e+00
2.457106e+01
-2.709563e+01
1.530521e+01
-2.329579e+01
2.243966e+01
2.251078e+01
1.453822e+01
1.213685e+01
5.241159e+01
3.028567e+01
5.240083e+01
1.015587e+01
-4.688249e+01
3.080063e+01
-2.511724e+01
2.185863e+01
-4.242247e+01
3.023209e+01
-3.676708e+01
2.056861e+01
-3.640896e+00
5.154643e+01
8.035782e+00
-2.542357e+01
4.751142e+01
1.528592e+01
-4.484485e+01
-2.701109e+00
3.550940e+01
-6.088652e+00
-1.784064e+01
1.075736e+01
1.127243e+01
4.989338e+01
1.395313e+01
-2.756665e+01
1.891118e+01
-4.820103e+00
5.304023e+01
-4.975473e+01
-2.159086e+01
-5.014370e+01
4.946653e+01
-1.588054e+01
2.465561e+01
5.918159e+01
2.099963e+00
-4.257941e+01
-3.089820e+01
2.994352e+01
-1.280085e+01
-3.562274e+00
-3.685790e+01
-1.189986e+01
-2.253689e+01
-2.145769e+01
8.358958e+00
1.308157e+01
4.181489e+01
4.781688e+01
9.319945e-01
1.647076e+01
-9.049167e+00
-1.279323e+01
2.728986e+01
-8.776050e+00
1.679744e+01
-7.314250e+00
3.304058e+01
-2.902211e+01
2.467530e+01
-1.057795e-02
3.820178e+01
-5.465922e+01
-5.629256e+01
5.441865e+01
2.512263e+00
-1.716308e+01
-3.554596e+00
-2.903908e+01
1.322981e-01
-2.584463e+01
-1.265209e+01
1.607578e+01
2.380284e+01
3.098692e+01
1.331287e+01
1.777559e+01
2.309322e+01
5.569244e+01
1.346127e+01
5.409088e+01
-2.482851e+01
2.101968e+01
-2.522600e+01
-3.506044e+01
3.236330e+01
-4.064965e+01
2.314637e+01
4.769260e+01
-5.072824e+01
-3.874753e+01
4.503663e+01
-3.900575e+01
-2.696449e+01
4.543780e+01
-3.232452e+01
9.527287e+00
-1.207952e+01
5.075976e+01
-1.021021e+00
-1.300739e+01
4.014686e+00
4.085363e+01
2.479128e+01
-1.055280e+01
-6.274841e+00
4.847187e+01
4.988298e+01
1.478222e+01
-1.916942e+01
5.109686e+01
4.249452e+01
3.787441e+00
3.635245e+01
-3.998920e+01
3.391141e+01
3.419272e+01
3.811008e+01
-3.937844e+01
-2.771916e+00
1.567287e+01
4.828154e+00
-6.303678e+00
-3.284579e+00
1.216504e+01
2.800147e+01
1.585703e+01
-2.223157e+01
-1.159945e+01
-3.815217e+01
-3.157430e+01
4.534363e+01
1.385666e-01
-3.497580e+01
5.367588e+01
-2.883414e+01
-8.716901e+00
2.007839e+01
3.873035e+00
-2.068546e+01
9.606256e+00
-2.305155e+01
-4.301834e+01
-4.520962e+01
1.529511e+01
-4.442455e+01
9.685091e+00
-9.478165e-01
3.029351e+01
-1.351770e+01
4.304147e+01
4.990145e+01
-2.678244e+01
-1.687564e+01
-6.751662e+00
5.620553e+01
-1.339117e+01
-4.886023e+01
2.022470e+00
-6.223427e+00
-1.038368e+01
2.132023e+01
5.085737e+01
-3.159770e+01
-2.953646e+01
5.710210e+01
3.455892e+01
1.162474e+01
2.789368e+01
-3.652058e+00
4.615820e+00
4.089048e+01
1.423750e+00
2.309839e+01
-2.199510e+01
-6.769085e+00
-3.497475e+01
4.900210e+00
-8.341208e+00
2.891120e+00
5.690371e+01
-1.801444e+01
2.348102e+01
1.593013e+01
3.891675e+01
-3.439275e+01
1.158460e+01
4.744130e+01
-3.438098e+01
-2.275961e+01
-1.864734e+01
2.026615e+00
5.716931e+01
-4.478283e+01
4.269112e+01
9.862293e+00
-2.804432e+01
-3.629369e+01
5.477878e+01
-3.349604e+01
-2.916988e+01
4.903566e+01
-3.032826e+01
-4.732513e+01
1.450371e+01
-2.685521e+01
-2.636944e+00
1.755584e+01
-2.292861e+01
1.417911e+01
-2.196953e+01
4.062896e+01
-1.907019e+01
4.802926e+01
3.242471e+01
4.022609e+01
-4.092801e+01
3.116220e+01
9.129906e+00
-4.724874e+01
-3.663137e+01
-1.271653e+00
-1.633545e+01
1.185729e+01
-2.835866e+01
3.339431e+01
-4.008771e+00
-3.188530e+01
-3.045293e+01
5.766107e+01
-4.318913e+01
4.864285e+01
-4.911705e+01
-9.051572e+00
4.398015e+01
-5.116020e+01
2.720021e+01
3.142651e+01
-2.806110e+01
-1.626068e+01
-1.433930e+01
-2.706606e+01
-5.144884e+01
-2.725654e+01
1.535059e+01
3.014550e+01
4.417287e+01
-1.843057e+01
-1.372617e+01
4.330579e+01
-1.627535e+01
-9.115760e+00
-5.580797e+01
-5.159325e+01
5.391065e+01
4.076390e+01
4.684248e+01
-3.469451e+01
1.996942e+01
4.859352e+01
-5.466034e+01
1.879941e+01
-2.667370e+01
2.858304e+01
1.820817e+01
-4.398656e+01
1.541001e+01
8.422756e+00
3.395604e+01
-5.068615e+01
2.377217e+01
1.000209e+01
4.125400e+01
-3.611315e+01
1.327685e+01
-1.448072e+01
-2.075096e+01
-4.869433e+01
4.346353e+01
3.550782e+01
-1.366085e+01
-7.616530e+00
2.635168e+01
-2.292279e+00
4.583415e+00
-3.182064e+01
-4.258202e+01
2.408621e+01
-2.547083e+00
5.248283e+01
-3.843233e+01
1.811352e+01
3.063785e+01
-3.859796e+01
8.187899e+00
4.171738e+01
-5.745992e+01
2.548600e+01
3.090484e+00
-4.848742e+01
-1.218207e+01
-3.354381e+00
-3.383158e+01
1.657499e+01
-2.122445e+01
3.692333e+01
-2.830268e+01
3.149108e+01
3.452860e+01
5.138979e+01
-1.180745e+00
-2.458631e+01
-5.084265e+01
1.371571e+01
-1.040277e+01
-8.872682e+00
-2.536280e+00
-2.818053e+01
4.992252e+01
-3.338307e+01
-1.926867e+01
5.597842e+01
-6.152464e-01
-5.294577e+01
3.650870e+01
-2.412591e+01
-1.686524e+01
6.477533e+00
-4.309782e+01
5.645559e+01
5.143827e+01
5.019731e+00
3.600204e+01
1.320869e+00
2.976309e+01
4.446683e+01
-1.964105e+01
-2.381067e+01
4.370651e+01
3.276851e+01
-4.985001e+01
4.091697e+01
3.402542e+01
4.882460e+01
-2.281252e+01
-8.342851e+00
-3.868332e+01
-5.119577e+01
2.302207e+01
-4.173590e+01
2.456346e+01
-1.143303e+01
1.055255e+01
2.486033e+01
-4.451070e+01
5.741017e+01
-6.858185e+00
7.065639e+00
3.402158e+01
5.231814e+01
3.895693e+01
-1.376754e+01
-4.302613e+01
-2.663131e+01
2.297411e+01
5.774631e+01
-3.145154e+01
-2.111520e+01
-7.652692e-01
-3.475118e+01
4.943218e+01
-1.442861e+01
7.076367e+00
9.432885e+00
3.652980e+01
-7.502471e-02
5.385852e+01
3.927113e+00
1.581488e+01
5.379521e+01
9.271062e+00
-2.069364e+01
-3.349205e+01
-4.871995e+01
5.820674e+01
1.515272e+01
3.761960e+00
2.978586e+01
-3.991062e+01
1.096878e+01
5.249568e+01
-1.373869e+01
-4.537544e+01
-5.466480e+01
4.481964e+01
2.596799e+01
-3.911963e+01
3.895985e+01
3.471994e+01
-2.821899e+00
-1.938703e+00
-2.410231e+01
-4.380241e+01
4.072420e+01
-4.651050e+01
-2.842729e+01
1.508269e+01
-5.200447e+00
2.286336e+01
4.783492e+01
2.460567e+01
9.462878e+00
1.143057e+01
4.062955e+01
3.339422e+01
-2.670980e+01
-4.353238e+00
-6.684390e+00
1.784262e+01
-2.601625e+01
-4.296562e+01
3.338677e+01
-2.510444e+01
-3.686175e+01
2.666321e+01
-3.367639e+01
2.776240e+01
-3.586286e+01
-2.744032e+01
-2.321141e+01
2.676173e+01
2.840404e+01
5.169000e+01
-3.116952e+01
-5.486269e+01
3.217040e+01
-5.264692e+01
-2.106174e+01
1.547295e+01
-5.431203e+01
-2.040803e+01
5.059415e+01
-6.459120e+00
-5.094404e+01
1.564496e+01
-1.441600e+01
1.886798e+01
1.518302e+01
2.602443e+01
3.203616e+01
-1.299917e+01
-1.057966e+01
-2.086520e+01
3.745298e+01
8.031606e+00
-5.185998e+01
2.699877e+00
-1.243353e+01
1.104075e+01
-3.342295e+01
-1.420125e+01
3.333764e+01
1.805647e+01
1.994578e+01
-2.591344e+01
3.377490e+01
-1.364503e+01
4.564254e+01
1.286911e+01
3.346896e+01
-4.717950e+00
3.892696e+01
1.887728e+01
2.230643e+01
-2.528715e+01
4.417609e+00
-2.209310e+01
-3.673955e+01
-3.968730e+01
-5.303579e+01
5.379686e+01
5.288269e+00
-2.703895e+01
-4.864662e+01
-1.813166e+01
-9.037418e+00
2.761055e+01
8.151672e+00
1.134683e+01
-4.776897e+01
-9.938896e+00
-1.464673e+01
-1.740127e+00
1.529347e+01
-4.942200e+01
5.043084e+01
-5.144932e+01
2.302527e+00
4.777631e+01
4.414384e+00
1.999074e+01
4.607803e+00
3.002246e+01
-2.135827e+01
-4.521790e+01
-5.749188e+01
-6.203949e+00
-5.495170e+01
2.058534e+01
-4.164135e+01
-2.870835e+01
4.124764e+01
-3.752187e+01
1.547878e+01
9.453598e+00
-1.296289e+01
-2.684137e+01
4.483765e+01
2.135785e+01
1.552438e+01
3.740446e+01
-4.087513e+01
7.528490e+00
4.163381e+01
1.734615e+01
2.929860e+01
1.192807e+00
1.363862e+01
3.953874e+01
4.162981e+00
1.822173e+00
-5.159563e+01
-1.979798e+01
5.144783e+01
3.973441e+01
-2.214755e+01
-5.668548e+01
-3.228670e+01
1.968507e+01
-1.580132e+01
5.983629e+00
2.912913e+01
1.797188e+01
-5.555333e+01
5.059588e+01
-4.225768e+01
5.162665e+01
-3.930608e+01
6.336688e+00
-2.638793e+01
-2.207089e+01
-5.882241e+00
2.380345e+01
-3.766532e+01
6.003908e+00
4.551762e+01
-2.042222e+01
-4.114624e+01
5.706733e+01
-5.381134e+01
2.604308e+01
-1.159958e+01
3.065884e+00
3.431747e+01
5.313544e+01
4.577085e+01
-1.393291e+01
1.603775e+00
-3.726917e+01
4.610002e+01
3.307855e+01
-2.967624e+00
4.791259e+01
2.447196e+01
-9.088625e+00
3.624524e+01
-4.695092e+01
-1.495668e+01
6.551703e+00
-7.784357e+00
-1.251606e+01
-5.568442e+01
-2.393711e+01
5.650080e+01
3.286956e+01
-1.027556e+01
9.262209e+00
-1.353351e+01
-1.183833e+01
-4.897471e+01
2.488468e+01
-1.369267e+01
-2.828447e+01
3.471266e+01
-9.293082e+00
1.136382e+01
-3.997826e+01
3.360430e+00
-2.584479e+01
-2.749207e+01
3.437330e+01
1.893407e+01
-5.222716e+01
-4.458341e+01
3.461241e+01
4.865367e+01
-5.327859e+01
-1.005872e+01
-5.384301e+01
4.679046e+01
-4.552502e+01
4.883725e+01
-1.777605e+01
-3.811322e+01
7.072517e+00
3.073598e+01
4.362878e+01
-5.733860e+01
-6.388838e+00
8.003554e+00
-1.668204e+01
-1.957981e+01
-3.773516e+01
8.526875e+00
2.412559e+01
2.810916e+01
2.783456e+00
2.020498e+01
-1.713870e+01
4.397515e+01
1.000182e+01
2.916173e+01
-3.186644e+01
-5.366269e+01
5.380573e+01
4.911256e+01
-2.930221e+01
-2.815912e+01
-3.917752e+01
-2.866054e+00
-4.768522e+01
-4.616509e+01
-3.777213e+01
-7.579920e+00
5.009345e+01
3.404767e+01
-4.663764e+00
-2.399489e+01
-4.987249e+00
-5.579582e-01
2.301808e+01
2.847678e+00
-5.062762e+01
-1.179496e+01
5.419733e+01
-5.203642e+01
-5.260637e+01
-3.422602e+01
