-0.1346761 6.381513 2.867541 2.799062
-0.05458523 15.75157 1.343366 -7.194175
-0.1175699 7.270108 -4.821861 3.059053
-0.1731155 4.983679 -4.572383 10.48246
-0.3315905 2.61062 2.578337 8.909004
-0.05698742 15.59991 2.698738 -6.864694
-0.09491095 8.946836 1.494509 -0.3211165
-0.09964665 8.741159 -5.906011 2.055882
-0.07729509 11.09105 9.935935 3.571677
-0.09246955 8.75007 -3.761902 16.4001
-0.1338041 6.345491 -2.032108 2.488713
-0.1438133 5.76393 5.177278 11.03347
-0.08982529 9.83081 -3.336493 -0.7472916
-1.718762 0.5065234 0.1108862 8.994003
-0.1545218 5.303985 3.425203 4.450304
-0.07494945 11.40882 4.46109 -2.000456
-0.1512687 5.603894 -1.236878 3.034331
-0.2109475 3.868001 -3.77007 9.364756
-0.05919096 14.23471 13.28346 3.383715
-0.2699789 3.433723 -3.332776 7.673685
-0.1724932 5.448899 -0.7225743 3.099248
-0.1250369 6.045968 0.07680893 2.454534
-0.09822166 9.643817 3.785511 -0.3697713
-0.1035884 8.507256 2.821012 0.4741008
-0.1211008 6.857087 -3.184768 2.427382
-0.3334247 2.864216 0.6365268 5.707459
-0.115451 8.473649 -3.405836 0.7409594
-0.2102536 4.456095 1.177245 4.202256
-0.1082469 8.215513 -0.04500445 0.2846249
-0.1169028 7.794598 1.916485 0.9446976
-0.3038196 2.33523 -1.254455 6.530359
-0.08333801 10.98999 0.4812289 -2.47944
-0.1175268 7.455845 2.323002 1.415295
-0.1186289 7.55226 3.151823 1.636881
-0.113522 6.72566 1.075493 1.8609
-0.1262136 6.59055 0.4790868 1.926902
-0.1798651 5.296349 0.2832793 3.211258
-0.1334233 7.174753 6.43582 5.328718
-0.1310856 6.832661 -0.8669443 1.72258
-0.1553996 5.529768 -0.09185421 2.971015
-0.309749 1.802962 -0.9869807 10.00879
-0.1323766 5.887517 5.224159 5.785071
-1.550834 0.570375 -0.5574564 8.380285
-0.1016647 9.533123 -2.206714 -0.7741877
-0.5324691 1.457272 1.103968 9.451163
-0.1184592 8.416092 -7.679525 5.056862
-0.1684416 3.829772 2.821863 5.910769
-0.06974268 12.89983 7.690467 -1.856745
-0.05559747 10.36445 -4.270242 -0.9438703
-0.2720927 2.886097 -0.1055291 5.615866
-0.219208 4.207266 -1.847095 4.719912
-0.1687078 5.762917 -0.7423584 14.21488
-0.1261768 5.791993 -5.552999 6.853422
-0.1078362 6.66968 0.1230962 1.831468
-0.1053855 9.485543 -0.3314735 -0.9797336
-0.1963216 4.681229 -4.033917 10.87511
-0.06224956 12.39097 12.25374 6.661069
-0.0251013 7.77694 3.804037 1.716926
-0.07935356 7.262703 -2.222862 1.585837
-0.06256214 14.25154 -3.196519 -5.38843
-0.05608322 8.703638 8.691743 8.045202
-0.09189736 9.618654 3.201393 -0.5702459
-1.357326 0.4817735 -0.4269282 8.722952
-0.05111568 8.405464 0.2560636 0.09844088
-0.1189133 6.285541 -2.366505 2.676984
-0.08795567 8.467036 -4.842352 15.44566
-0.4452187 1.804571 -1.65313 7.776509
-0.06378709 13.50337 -7.435908 -2.77156
-0.1193511 7.805764 -1.510142 0.8417264
-0.08455617 6.969722 -3.33943 2.382392
-0.0617034 8.198666 7.012996 4.253127
-0.1257741 6.612921 -1.320053 2.020188
-0.1068884 5.766168 3.915391 4.266999
-0.2010029 4.017826 -3.313792 6.228104
-0.1372512 5.865681 -2.542262 3.213894
-0.1492312 3.432141 3.343524 7.72517
-0.1251811 6.646571 5.14832 4.296251
-0.3551911 2.451851 0.4923842 6.098147
-0.3739742 3.628792 3.626057 8.638849
-0.3759425 2.379454 -1.916598 9.91004
-0.1670285 7.402745 -1.447696 1.240225
-0.1804038 9.36425 1.291087 -0.7747722
-0.2012658 6.575984 -3.389025 2.864617
-0.1843533 6.464538 -1.118669 2.133023
-0.5629537 2.457056 -2.238119 9.513588
-0.1739004 8.670548 -2.217614 0.1178818
-0.2903313 2.636587 2.362077 7.328674
-0.05219434 11.52206 -1.914398 -2.861902
-0.1368867 7.052495 -4.093375 2.757032
-0.2269912 2.025886 1.976006 8.053292
-0.2489983 3.768417 -2.676808 11.15243
-0.4527232 1.17795 -1.177316 8.462507
-0.1932882 4.301189 -3.85847 6.599414
-0.1209541 7.517714 -1.554172 1.144708
-0.1216936 7.633077 -7.187876 5.931333
-1.140993 1.300221 0.1225179 7.205823
0.002876689 3.240813 0.6074367 5.316623
-0.156813 8.100943 -2.780256 0.8911266
-1.021017 0.8571755 0.2915868 9.305912
-0.1387033 8.309299 -1.80993 0.3902409
-0.6656319 1.719059 -1.601552 9.124338
-0.1938757 9.55397 3.902243 -0.2206539
-0.4353434 1.977833 1.550837 9.727396
-0.3153434 4.28973 -4.082602 9.816659
-0.1633976 4.481584 0.8397957 4.097822
-0.07333968 8.866984 0.4254326 -0.3567653
-0.02934319 13.37495 -4.071469 -4.240189
-0.132473 5.79834 -1.237099 2.835183
-0.1274417 7.502154 -3.697179 1.972144
-0.1381747 1.708389 -0.5213047 6.873096
-0.42192 2.124798 1.393433 6.895984
0.08892326 5.016858 2.835416 4.361254
-0.2793235 1.660234 -0.1560438 10.15286
-0.1931425 2.661687 1.666475 6.424582
-0.1435195 2.631644 2.584531 8.995688
-0.01735596 7.317142 -5.293881 3.448724
-0.5590598 2.369748 -0.006331037 6.130373
-0.5273448 1.438189 1.35736 8.975169
-0.1517239 7.182833 -0.7625079 1.35778
-0.06223371 3.911208 0.7908038 4.669574
-0.07567093 4.475409 0.3309618 4.036849
-0.03432206 5.29284 5.150504 7.280798
-0.1692972 5.094469 -1.47488 3.623719
-0.1712951 9.26026 0.2488262 -0.7568752
-0.09717181 8.029928 -5.908799 3.062569
-0.02572379 18.05837 -8.295968 -7.540005
-0.2638462 5.678984 -5.023177 5.850873
-0.1425131 6.109163 -3.652308 13.39717
-0.05318632 8.127891 0.2504432 0.3759715
-0.7405274 1.979452 -1.700814 9.512328
-0.0789385 6.974478 -1.725827 1.742428
-0.06340927 3.482565 3.470826 8.214325
-0.2510981 6.655908 5.139733 4.271123
-0.754626 2.117061 1.655674 7.180941
-0.2643909 3.566157 1.043609 5.090003
-0.3143655 2.452275 0.09162968 6.049475
-0.8903995 2.902429 2.170322 10.42659
-0.2188711 8.873645 -1.167702 -0.2964144
0.005838102 6.237765 0.983315 2.340227
-0.4779941 2.455254 1.730386 6.758272
-0.06347526 7.965557 1.571089 0.6909215
-0.1295316 8.56449 0.7849867 -0.02841825
-1.139798 2.027399 -0.7419977 10.38631
-0.3737858 1.910744 0.9599447 10.15206
-0.2988534 4.806443 3.886484 5.672191
0.3564154 2.266939 2.200084 7.9537
-0.1914524 9.189111 -0.5554403 -0.6722576
-0.1927499 8.533754 -0.09919462 -0.03312898
-0.1288513 6.495618 -5.668758 5.328561
-0.1003027 6.250019 -6.178731 9.441225
-2.791676 0.5867675 -0.5645099 8.657506
-0.05522513 4.194954 3.055802 5.626031
-0.01078273 5.356729 5.021507 6.634789
-0.3494185 4.603995 -1.155211 12.95662
-0.3586592 1.542027 -0.6283803 7.091847
-0.03307385 6.430663 -2.134604 2.433957
-0.9619915 1.013435 0.03188898 9.51279
0.09210506 8.400081 -1.333373 0.20643
-0.5279422 4.351957 2.653326 5.050684
-1.310983 1.866835 0.6266566 6.742004
0.1212663 6.701392 6.431246 6.616509
-0.6041611 1.92918 -1.486368 7.270353
-0.1430422 15.5786 -1.577893 -6.998441
-0.2687653 5.518264 0.1634289 2.984217
-0.05554594 8.68151 -7.847183 4.786477
0.3717821 1.042205 -0.6547224 9.310854
-0.02701679 12.84397 -11.70291 3.207628
-0.1453691 8.32539 3.496719 0.9445629
-0.2184817 1.453547 -1.449053 8.38592
-0.3418231 8.190604 0.294794 0.3148488
-0.6712724 1.585125 0.8110469 7.138207
-0.2222935 6.478679 0.5229043 2.042507
0.1587489 9.269488 -0.1279752 -0.7685689
0.01551586 6.8372 5.03668 3.87624
0.1552577 1.51935 1.490204 8.203858
0.2611896 3.051557 3.041242 8.249685
-0.2263834 5.752038 -0.5552106 2.774866
-0.1625885 3.481378 -3.351696 7.55871
0.1280103 8.891303 0.9574354 -0.3395814
-0.1417628 9.743586 -0.9074726 -1.201205
-0.09376896 10.41541 5.547065 -0.3153536
-0.5496124 4.371144 -4.045101 10.15599
0.04467684 8.446359 2.000033 0.2938562
-0.08132622 6.175543 -0.4400825 2.340163
-0.965956 1.709647 0.5202434 6.871685
0.1203496 6.251356 3.342641 3.217383
-0.165518 5.632446 -1.210232 2.999134
-0.289979 4.810747 -2.084739 4.164501
-0.2601244 1.002674 0.1966741 9.483185
-0.3501555 5.415396 4.71135 11.16994
-0.8872468 3.358317 -1.788092 5.657762
-0.1158626 6.007894 4.467044 12.51748
-0.305443 4.33915 -1.938037 4.617771
-0.3904066 4.926163 -4.758948 7.227849
-0.06418489 4.364979 0.8854247 4.22577
-0.3773609 3.344215 -1.360568 5.445144
-0.2936167 7.107139 3.108995 2.109049
-0.1608693 6.428928 4.459046 3.868834
-0.02406381 7.196286 -7.130774 9.468807
0.04592595 7.17574 0.562945 1.346378
-0.06014259 6.783276 -4.724803 3.632863
0.4722347 3.052381 2.152836 6.336278
-0.1452767 9.726744 4.301258 -0.2239966
-0.4246535 7.970368 0.5324254 0.5476547
-0.06557856 8.723633 -1.320679 -0.1230786
-0.3852439 6.052639 -1.945893 2.768833
0.0142951 7.123376 1.839437 1.618216
0.07887677 8.57072 2.131274 16.80149
0.1066136 1.58047 -1.070763 7.337528
0.5785058 2.499895 2.496967 8.618288
-2.218372 1.251678 1.239634 8.666307
0.5273526 4.064289 2.4238 5.237756
-0.1215457 8.004744 7.767402 6.565288
-0.3634869 2.424227 2.335784 9.148656
-0.5273875 4.459499 -4.271483 9.780577
-0.1357798 6.262453 -1.172993 2.3484
-1.004279 0.8256805 -0.375138 7.764602
-0.2789921 7.607968 -1.812408 1.111158
-1.213415 3.049705 1.043835 5.635224
0.09598151 1.937145 0.32811 6.590847
-0.650754 4.482347 4.185931 6.897867
-3.550017 1.138749 -0.541424 9.499319
-0.2082494 3.936537 2.868904 5.804539
0.1884732 5.018866 3.087936 4.543563
-0.5103633 3.090282 -2.156951 6.287163
0.2542281 5.348173 -1.832843 3.475752
0.2933491 4.830205 -4.495766 6.734112
0.03107174 7.678972 -0.3182061 0.827625
-0.6003751 2.820665 -2.816532 8.649752
0.617091 6.426042 -5.557126 5.273923
-0.5803519 4.258264 -0.6074228 4.285502
0.2497825 1.23685 -1.213898 8.26289
0.3072859 1.465253 -0.2925343 7.064268
0.08985679 3.097793 2.50387 6.676013
0.2006442 8.399607 4.149924 1.197215
0.9739704 1.620751 1.616639 8.612045
-0.2998995 4.897954 4.413276 6.375783
-0.5740564 3.223063 3.146213 7.801116
-0.1729096 2.145623 1.185922 10.28808
-0.5327671 1.911389 1.909667 8.579145
-0.5104193 4.411248 3.623868 5.985016
-0.6833476 6.169674 5.727701 6.208077
-0.05668804 6.821227 -0.2538802 1.683503
-1.370814 3.438955 -2.96141 10.24634
-0.2608915 0.6356017 -0.2963825 7.937738
-0.1530926 6.251377 6.225849 9.064131
-0.08139047 2.691258 -1.997883 10.30314
-6.669761 0.4360161 -0.2689691 8.160587
-0.3680901 6.820558 1.391415 1.82302
-0.0538671 10.97992 -1.244922 -2.409108
-0.4205583 4.052744 2.758997 5.531535
-0.02316257 4.289596 -3.998703 6.947259
3.829392 0.8340605 -0.7893047 8.236273
2.472578 2.147516 -0.8385099 6.525122
0.704237 1.77641 -1.279656 7.268076
-1.719792 3.210178 -2.93432 7.201645
-0.1845544 5.108766 -0.7690323 3.449474
-0.5983821 1.400439 -0.2964 7.131364
0.02848596 12.7225 -3.821759 -3.634918
-0.6908879 8.310436 5.121205 1.955799
-3.631657 1.282953 0.3747638 7.275698
-1.694047 2.785803 -1.291899 10.96676
-0.9126738 4.944946 -2.167446 4.056075
-0.5064754 1.408415 -0.9618018 7.471207
0.2413743 3.539875 -0.6798194 5.026049
0.05484137 2.582553 -1.439152 10.64439
-0.1648469 13.88327 10.43353 -0.6588822
-0.3335237 0.5734999 0.3665009 8.058901
-0.2990812 2.729296 1.402863 6.158883
-0.1694438 1.541884 -1.239706 7.583204
0.7521404 1.276932 -0.413325 7.291929
-0.1965376 2.20632 1.55204 6.931891
0.08976037 6.348801 -2.654435 2.732752
0.2720192 2.734828 -2.208484 6.887018
-1.171655 5.435757 -5.188804 10.11599
-0.9464489 3.928654 0.6838173 4.63186
-0.163829 2.575649 1.43953 6.364195
-2.902234 1.373263 -0.4212398 7.194789
0.1407438 5.000445 -4.291264 5.933027
-0.006778508 7.468277 0.6248628 1.05791
0.3748388 5.232325 -4.679632 6.159681
-0.6003825 4.006174 0.3649292 4.510703
-0.8437439 1.457739 -0.9191012 9.631281
-0.003921025 12.03256 5.770253 -2.058728
0.9015357 6.664617 -6.37485 6.559017
3.088422 1.972146 -1.966375 8.393033
-6.622278 0.5589154 0.3521849 8.070818
1.081361 1.719075 -1.184794 9.745162
-0.9848675 4.673138 -0.9840627 3.932354
0.2551779 4.911066 -0.08454305 3.589711
-0.1259875 6.176445 0.7440002 2.368544
-1.188634 3.538999 -2.151115 5.690761
0.002235754 3.509259 -1.487781 5.321729
0.03920825 3.232377 3.232375 8.502312
0.2838044 5.434935 -1.236212 3.207593
-0.5975211 5.003168 1.07761 3.614539
-0.4237838 8.432821 -0.3019826 0.07281908
-2.190873 1.637263 0.7057461 7.02398
0.1401364 3.395019 3.395009 8.501684
-0.4720153 4.983317 -3.521389 4.974156
0.1579814 4.447761 0.206783 4.057065
-0.1211402 8.785259 -0.4035273 -0.2759667
-2.27441 2.881702 0.9922806 5.796945
-0.4269743 5.797521 -4.481997 4.822897
0.4529581 8.888861 -0.1726777 -0.3869057
-0.3361319 5.445844 5.407875 7.858838
-0.1505279 20.04692 -8.274844 -9.759336
-0.9837352 7.847412 -3.4443 1.45014
-0.6123048 7.479892 0.4418125 1.033596
-0.1735007 7.631848 6.593883 12.34256
-0.2183692 10.32879 -0.9909532 -1.781064
-1.747754 1.515804 -0.1799071 6.995621
-0.770445 5.419921 -5.240842 7.120214
-1.058075 2.289745 -1.447256 6.726135
-1.496448 3.442464 1.916091 5.641491
0.3522153 10.36932 -4.621602 -0.7822122
-4.586074 0.9869807 0.3354737 9.424857
-0.43325 11.09962 -2.476142 -2.319579
-0.06315813 12.6253 10.54823 1.562221
0.7483675 4.142387 4.087807 7.831964
-0.4579803 5.200108 -3.493992 4.648841
-5.046109 0.7124753 -0.7080323 8.451172
-0.01490148 8.733372 1.30993 -0.1345734
-0.4463814 6.40864 1.314492 2.227817
1.683984 4.897811 0.6126341 13.35721
-0.08505482 7.208858 1.910352 1.548879
-0.3375871 8.309503 1.847531 0.398638
-1.051502 5.194687 1.141274 3.433129
-1.309279 1.744753 1.742046 8.411404
-0.5090082 5.627449 0.5840888 2.903168
0.4343385 4.129852 -2.222232 5.01914
0.9813878 1.916546 -1.645062 7.517227
0.009197204 7.984047 -0.881081 0.564718
-1.072718 4.083189 0.1567062 4.420535
4.709357 0.8011396 -0.7948078 8.576019
-0.5357916 1.797916 1.359691 7.323794
1.545575 1.68188 0.4872137 6.890875
0.083608 1.209373 -0.7228005 7.530392
-0.01062826 15.72292 -15.00428 3.800871
-0.9640928 6.518615 1.990778 2.293784
0.5046668 1.782955 -1.097917 9.904728
-0.8328094 9.534233 0.6231904 -1.012835
-0.2380174 7.253058 0.1279333 1.248133
-5.925086 1.144203 -0.4636965 9.539343
1.026198 1.62807 0.8180196 7.092661
-0.7903045 2.976731 0.9111105 5.66643
-2.666683 1.715239 0.9184448 7.053579
0.04904897 6.581257 -6.556218 7.926479
4.414197 1.312037 -0.5709331 9.676979
-6.387808 1.562743 0.1034511 10.04959
4.262916 0.9677977 -0.8104435 7.97594
-0.2823007 3.530792 -3.528794 8.617488
-0.645163 7.689162 1.175385 0.9016986
-0.3964442 11.83038 -1.747679 -3.200286
0.7021051 4.465562 3.985757 6.487044
-0.2665273 10.45603 1.738207 -1.810428
-2.353506 1.226604 0.2468087 7.299539
-0.49974 3.594007 -3.483173 7.614896
1.459659 3.57783 3.488513 9.289202
1.052201 3.581727 -1.435025 5.218971
-0.1918122 4.168833 -2.740239 5.358333
-0.1916498 5.080711 3.463869 4.783154
0.8408717 4.662909 4.418121 9.989378
-1.156655 11.55812 -0.1068932 -3.055274
0.3969476 1.804415 0.2456636 6.71243
-0.01450442 6.7819 -6.283737 5.948762
-4.345971 0.5813942 0.1364604 7.936567
1.099324 5.738899 0.78055 2.815496
-1.231802 4.432912 -4.428509 8.673026
-0.07276534 10.65648 -10.30052 5.768777
-5.588232 0.9697383 0.6779434 9.186926
-1.353071 6.188135 1.33197 2.458683
-0.02476291 8.188646 1.230871 0.4043925
0.2437782 1.311574 1.050333 9.285491
0.2068234 3.605802 -1.68179 5.310451
-1.028929 1.813952 1.089053 7.049715
-0.06342136 12.32524 -1.872727 -3.682129
-0.6469478 6.104391 -5.726526 6.386771
-26.53753 0.2183478 -0.06055571 8.68572
-0.9803896 1.875286 -1.374808 7.225022
1.412501 5.507187 -1.397015 3.17468
0.8905728 5.893154 2.688404 13.74341
0.8786781 3.506865 -1.44763 5.306323
2.113193 2.178088 1.585913 7.009196
-11.59409 1.368933 -0.1030795 9.837033
-2.021932 2.259673 0.5310205 6.305055
-0.258987 3.115232 3.041663 9.17287
-2.396139 1.780079 -1.365195 9.639906
0.7950931 8.235012 0.3221189 0.2720843
5.271947 0.9404215 0.7197182 9.099109
-0.02018366 6.895426 -1.771575 1.836036
-0.4713995 9.722162 -1.735252 -1.065717
0.8214852 7.89207 -0.3321003 0.6157327
-0.2179002 4.122092 -1.016913 4.505343
-0.2545553 5.115809 2.039687 3.808448
1.773934 7.38066 -0.8424484 1.171137
-1.305761 5.579154 -1.188913 3.050479
7.122799 0.5518639 0.5459275 8.45717
1.711393 7.324692 -0.1634967 1.180401
0.5409764 0.9878269 0.3034823 9.440007
-2.576433 2.370601 -0.4822879 6.181425
0.2632298 20.86356 -14.87818 -6.125964
0.01039041 6.142584 -5.595557 5.966013
1.697015 2.801074 -2.647479 7.588962
-0.04443872 18.77064 -13.06722 -4.975325
0.4318262 6.330129 -0.6520221 2.203721
-1.852398 2.744743 -2.08423 6.71626
-1.016536 6.878885 -6.038367 5.207238
3.346568 4.359436 -3.913566 6.59634
2.287973 1.826328 1.770541 8.941978
-0.8416512 1.424194 -0.8845333 9.616016
-5.533883 1.328452 -0.8960466 9.472354
1.221626 5.559715 -4.318145 4.999999
-0.4522125 7.869382 6.467228 4.016891
-2.610775 1.435489 1.3294 9.037633
-0.6416973 4.269227 -3.530462 10.89997
-0.8588389 4.060277 -0.3583221 4.456023
-0.2097146 8.198006 -0.5734056 0.322127
0.2149123 6.042898 0.3301832 2.466171
-26.32038 0.3413245 -0.2402125 8.689464
-1.473036 3.850627 -3.733407 9.43766
0.1490929 6.656317 -5.725594 5.105324
-2.283315 1.177323 -1.149751 8.251078
-25.12934 0.5779398 0.4549811 8.2416
4.579129 1.308767 -1.111888 7.817607
-1.376329 2.744433 -2.569908 7.539199
-1.652791 5.280688 5.149563 7.340488
-5.416553 1.575739 -1.08463 7.366684
2.229208 2.121309 -1.461704 6.964889
-4.292162 0.4905431 -0.2600759 8.914301
0.9740473 7.652344 -0.1103034 0.8495566
-6.366818 1.279953 0.5646312 7.36012
-7.061014 1.63533 0.5627881 6.977777
-0.2273426 15.63603 4.914484 -6.343494
-11.21025 0.9007953 0.2433049 7.650549
-0.1137408 10.89055 0.5540733 -2.376424
-0.1719 14.92233 8.671045 -3.644424
-3.412373 1.021829 0.2624859 9.485666
-2.612122 1.228396 -1.05549 7.87409
-4.580304 0.9825627 0.9781838 8.450713
-0.325951 11.56574 6.952101 -0.7428462
1.330268 5.825441 0.4632471 2.694582
-0.540877 6.785927 0.8643241 1.769648
14.05024 0.3062457 0.2849614 8.416001
-0.008244754 2.253073 1.503088 10.17841
1.821585 2.092834 1.347696 6.900237
0.7920645 3.450422 -1.159222 5.250486
-14.70496 0.6162473 -0.3745002 8.036276
-4.784272 1.107691 0.48208 7.507003
-3.106924 3.302407 0.6825732 5.273864
0.9523636 8.346924 -0.04196533 0.1543349
-0.518006 4.749133 -1.856305 4.128896
-1.639177 5.244275 5.075751 9.810217
0.6113159 2.975598 1.746194 6.090855
-1.236695 4.559858 -2.800531 4.902828
-0.3350188 6.497383 4.147316 3.49857
1.249009 3.883458 0.6669634 4.675181
-5.879043 1.742424 -1.231167 9.720006
3.414049 1.633901 -0.7228997 9.962047
3.327927 4.256407 -2.455173 5.031849
1.092329 8.487827 0.2360864 0.01700045
1.276775 5.426539 4.780846 5.935586
-3.707962 2.216729 -2.03734 7.638268
1.459962 1.111996 0.5596323 9.460492
-5.191915 3.936584 3.917183 8.340399
-8.126971 1.527105 -0.08484359 6.990614
0.1107197 1.617534 -0.5153288 6.966755
-1.421417 11.8676 5.948932 -1.764668
2.670466 1.769668 -0.1876724 6.742244
-2.004787 6.031304 5.708228 10.43604
0.8928235 3.933603 -1.904421 5.058684
-0.1039859 18.83457 -8.007524 -8.547567
-0.795471 6.140354 -4.451171 4.271081
-0.4434432 3.835442 -2.019896 5.239669
0.7373073 9.358141 1.320711 -0.7636939
-3.827657 4.733507 -2.578737 4.543189
-8.979352 1.410523 -1.363996 8.216058
2.482184 7.048528 5.004227 3.54558
0.9914769 2.902834 1.497016 6.013463
2.960111 6.203491 0.7465478 2.349932
-1.419633 5.161734 1.55252 3.57894
11.16605 1.358546 1.332593 8.474909
-0.5452951 15.9981 5.642975 -6.46906
3.066483 2.671245 1.717823 6.459359
2.35903 5.161418 -3.826012 5.042149
-13.70126 1.473391 1.424694 8.360948
-0.1866392 7.407713 1.471763 1.240004
0.2917497 3.502426 -3.072504 6.818814
0.5249367 3.645512 -1.388816 5.129565
-0.5933406 4.752358 -1.271341 3.921116
0.9255302 10.13455 -3.916686 -0.8456838
-0.1846341 4.9612 -0.2709709 3.546232
-2.317339 1.785954 0.3324403 10.25325
-4.813013 2.204789 -1.705693 9.884733
2.70161 3.995107 -1.516443 4.808683
-0.2020256 9.257945 -0.09716952 -0.7573771
-0.1189926 15.64312 12.83097 -0.4483305
0.1293219 14.11155 1.656356 -5.513966
6.84435 2.225929 -1.674949 7.058148
3.783054 1.580342 -0.02033044 6.923233
-2.522317 7.10292 -1.152635 1.498201
-0.4501457 4.547291 -2.833118 4.943314
-1.613772 1.951854 -1.876757 7.966619
9.313923 2.742149 2.433495 9.68344
-1.779146 3.777619 -1.970489 5.279157
-8.724808 1.26804 -0.2291091 7.267752
-1.369576 7.030996 6.144974 5.087383
0.01383911 3.925381 -3.719388 7.245105
-0.6530653 7.734258 1.011546 0.8326833
-4.14778 5.603945 -0.238148 2.915808
0.9019659 13.28032 10.13845 -0.07526577
0.08398618 8.113862 7.751143 6.101167
0.495503 7.551175 1.007212 15.98342
-1.401288 4.613953 1.141295 4.030853
-2.297368 4.047178 0.007364044 4.456082
1.192059 4.262765 -4.144021 7.504814
-4.838096 1.225238 0.6326182 9.544185
-3.19289 3.759891 -3.266276 6.649496
-5.618511 3.833793 0.5093778 4.718781
-0.8186232 8.234267 0.1803033 0.2685476
-0.6129978 15.86868 15.75203 6.586961
2.995855 4.773445 2.958669 4.762379
0.290803 7.258454 -6.456971 5.184684
-0.9024808 6.102944 -2.722075 3.038591
-2.478052 3.590891 -0.7301032 4.987545
-1.970285 2.022909 -1.829681 9.359995
1.603689 3.925294 3.727157 7.273556
-1.87207 3.766292 3.05631 10.69745
0.3606877 11.96152 3.434777 -2.957511
0.1028707 4.137763 1.378118 4.598485
1.943052 6.045719 4.487967 4.454403
-0.4490203 5.598795 4.474359 5.134782
-1.238152 1.462292 -0.6190189 7.175569
1.445947 7.356082 -5.16535 3.26582
-0.08455853 6.445761 1.295381 2.185751
-0.3002535 2.856178 -2.834232 8.146931
0.4052645 8.583971 -0.1011268 -0.08316022
-0.06531689 3.655778 -0.6323247 4.899325
-1.987797 4.592538 -3.865198 6.02487
-0.3980223 1.829049 0.8896711 10.09804
2.238343 1.806794 -1.606442 7.676065
3.269866 3.852199 1.374163 4.907948
-1.186912 8.793678 -1.2047 -0.2088631
-0.198994 11.13558 -10.67828 5.34181
0.9074909 2.798356 -2.510831 7.265269
6.371935 3.350811 -0.3142956 5.184754
-3.696808 5.441018 -4.216909 5.079579
4.748404 0.6897826 0.2100531 9.154536
-0.4244466 13.35466 -3.459443 -4.398428
0.1506194 5.730933 -3.806043 4.215446
-0.2705339 8.719875 6.677206 2.89202
-2.32186 4.153949 -3.002644 5.634497
1.37859 5.31461 4.905194 6.458481
0.6567196 6.590081 -4.652517 3.833358
1.934582 4.038413 -1.4788 4.744558
1.207478 6.675892 4.622433 3.68535
-1.441678 3.79211 3.604943 7.327231
-2.615603 2.697667 2.569305 7.687029
1.187453 0.9250062 0.8684029 8.181966
0.02403414 15.66316 8.060281 -4.930057
-0.3352142 4.910774 -0.05775954 3.58965
8.716734 1.404517 0.618062 7.256874
-1.891298 12.9635 -11.44811 2.432874
-1.638069 2.736912 -2.735551 8.46355
-0.7201432 18.88566 11.64544 -6.365916
-0.6761049 7.096238 -7.058017 7.769267
-1.911367 1.730215 1.320704 9.616267
-4.447917 4.490367 -4.094638 6.690011
-3.821264 5.904472 5.680092 6.93651
-3.841712 2.967464 -1.030387 5.724281
-1.272922 3.338612 -2.923924 6.890187
-0.882308 6.549633 -2.960018 2.65827
2.300961 3.496355 -0.7035281 5.078035
1.194386 5.91588 2.651747 3.213161
-0.9392848 2.517172 -1.825807 6.767696
-5.956457 1.111208 -0.7639826 9.298635
1.257199 2.435102 -1.620843 6.683482
-0.4819739 7.209017 -0.6516575 1.320753
-5.881313 4.899648 1.163528 3.767063
-4.623676 2.980961 -0.1119235 5.530849
1.680592 4.767284 2.368256 12.63507
3.414602 4.340562 3.885389 6.582346
-0.0692488 7.402987 -5.411632 3.448429
25.6249 0.4929661 0.001217211 8.055521
0.3854861 3.802338 3.057739 6.240056
-1.131406 5.59027 -1.681954 3.169901
0.2984646 7.282034 -3.197404 1.957585
7.015303 1.77594 -0.6988299 10.11819
-4.483265 2.611145 -2.59173 8.256371
-4.74606 3.612066 -3.101562 6.672976
2.762572 5.861936 -1.378134 2.809374
-0.9531413 2.237815 -1.933023 7.373122
-0.3693726 22.53855 0.1849888 -14.03732
-3.60922 0.8134863 0.8072049 8.586935
1.492546 11.83473 -9.143548 0.9925849
-6.439247 2.452815 -2.018307 7.133594
-3.167955 5.628374 5.024183 11.01782
-4.695736 4.648326 3.592137 5.574477
5.092176 1.879857 0.5251547 6.702714
3.056971 4.243362 -3.357527 11.08494
-1.921973 4.362738 -2.754959 5.120314
-0.2915491 9.457382 -9.328021 6.941865
-13.9497 1.891519 0.7853084 10.15928
2.743345 3.309863 1.798592 5.725984
4.116598 7.725677 4.403286 2.176269
-0.3463294 8.011289 -1.204163 0.5798742
1.08882 3.62126 3.524269 9.329649
0.9937548 9.138906 -8.317347 4.716321
-30.15398 0.4194409 0.107953 8.846243
-3.276029 3.783322 -3.289271 6.643261
1.614854 7.425406 -7.34641 9.559779
0.1478932 6.016407 -2.887874 3.222017
-3.457175 2.813527 2.440476 9.889685
-9.335674 3.442649 -1.010899 5.256847
-3.574574 9.745219 0.3201105 -1.220991
28.15694 1.168431 -0.4785969 7.587767
-0.1879198 9.015903 0.8104564 -0.4793537
5.024327 3.192205 2.412559 6.428389
-3.717913 6.714922 -4.90769 3.937637
1.364866 4.873029 -0.7737863 3.690198
-1.116355 3.62713 2.170994 5.5952
-11.37762 1.644394 -1.342273 7.607194
-4.889565 3.898295 -3.516525 6.850652
-5.282109 3.387269 0.4433945 5.156386
-2.094205 4.920852 0.1940772 3.586266
-13.38331 2.141419 -1.769034 7.399768
8.979562 4.130776 3.749542 6.891101
2.381899 14.52664 12.49438 1.114261
28.35003 0.8901957 -0.3964227 9.175728
0.4903498 1.858262 0.04064041 6.642251
4.531433 2.634147 1.146944 6.13781
0.1227488 1.089095 0.8821891 9.138642
-18.19037 1.492834 -0.2489118 7.103785
19.34896 0.6359157 0.3146816 7.989145
2.469471 2.882857 1.596248 6.102621
1.617456 8.783701 0.1365495 -0.2791399
0.456491 3.445804 1.475849 5.386371
0.8767297 4.601716 -1.12768 4.039151
1.099608 15.99647 -7.301121 -5.729773
-1.53885 7.49226 -5.922719 3.915802
-1.42751 1.084776 0.9933784 8.06502
6.527225 3.457011 2.725171 6.409561
3.504612 3.133507 -1.657455 11.15236
-5.610749 1.682775 -1.612086 8.046301
-5.000934 4.887823 -0.2171779 3.635629
0.05350057 13.37464 -4.088915 -4.234274
-7.784859 1.924139 -1.510993 7.337553
-1.108479 11.7105 1.397619 -3.12459
3.301659 5.603184 -0.1148141 2.907295
-3.561732 6.110632 2.903384 3.136598
10.15672 0.272431 0.0921979 8.751814
-7.186994 3.251865 -2.821491 6.935295
-0.245366 3.496579 -2.844912 6.467191
-0.02768029 8.88993 -7.597661 3.884115
0.1911903 3.694689 -2.31646 5.621703
-1.594381 10.78651 -2.36748 -2.019208
-1.401126 4.958578 -4.683683 6.876451
16.50134 1.480846 -1.41425 8.373973
3.212863 9.81156 1.159337 -1.227295
-1.351394 3.734873 -0.5240517 4.803125
1.194728 3.537338 -2.864582 10.574
-0.1896693 16.34504 4.424096 -7.234822
-4.031908 7.000623 6.909993 9.509173
0.4110154 12.98473 0.3377604 -4.480006
-2.735051 8.435021 -2.005551 0.3167651
5.261705 7.722123 -0.9404404 0.8681408
3.748331 1.429559 -0.1486293 9.918737
1.417988 15.67301 7.268679 -5.380166
-1.255285 9.542431 0.7839738 -1.007874
1.69727 5.129322 1.352669 3.554583
0.6475673 5.79805 4.053948 4.355294
10.95735 1.318783 1.07084 7.772226
-0.9485173 13.59289 9.868122 -0.8453849
4.723702 4.081865 -2.601651 5.372694
1.178819 4.196489 1.353328 4.528656
-7.800131 2.951288 -2.459163 6.91817
0.371991 4.152127 1.849671 4.782724
2.161957 3.842054 1.906128 5.167276
-0.6148811 9.94809 -3.325124 -0.8753217
1.558842 8.276885 -2.970422 0.7777769
-0.0673027 4.668131 0.6358009 3.875373
-8.093502 1.841734 -0.4482552 6.732568
1.145566 3.595362 -1.674681 5.319291
-0.9327491 3.110473 -1.711998 5.903552
6.906847 3.715139 -3.034155 6.403203
-4.16872 3.093624 -2.830917 7.272871
0.2793371 3.676683 3.66033 8.845922
-0.727282 23.09467 3.608756 -14.30909
0.6925408 11.72771 -10.98654 4.399397
1.410424 9.281247 -3.505128 -0.09089217
-9.929589 3.980187 -3.358998 6.478127
-1.522113 3.912855 -1.621294 4.94036
-1.847293 15.55941 -5.000743 -6.22536
16.12622 0.9356266 0.6059209 9.163869
6.513418 0.1796894 -0.02465582 8.676819
-6.123788 2.761006 -1.995081 10.38575
2.547493 13.94127 -7.269104 -3.380028
0.958642 11.45289 -6.317081 -1.051252
-0.01015784 4.03905 0.5759628 4.502226
-10.41656 1.778619 1.692429 8.942443
0.4393182 4.437358 -4.287426 7.356773
4.587112 3.499667 2.650304 6.231692
-0.6391579 4.674676 -0.2260907 13.16891
-4.268305 4.692298 2.161415 4.349822
-1.745449 10.40239 3.720044 -1.209309
3.420966 9.505004 -6.207294 1.324144
25.37751 1.071071 0.9670572 8.535706
1.700932 8.005835 -3.671627 1.38972
23.77981 1.069553 -0.8044159 7.942446
3.690935 7.782607 3.836009 1.747
4.208914 2.894153 0.0143385 5.613688
4.58074 4.495321 2.734598 4.950213
-1.749238 3.609787 -0.4631033 4.921738
1.286254 3.680046 -1.517172 5.148269
0.7437429 2.031855 -1.257054 10.09611
-4.437869 5.857333 1.410683 2.833175
3.934657 6.530763 1.838734 2.249472
3.983835 3.61521 -0.2379738 4.901385
11.63644 3.517742 1.40496 5.354025
-7.707095 3.188772 -2.163106 6.196445
-7.512314 3.912295 0.4422887 4.646585
2.451399 4.467933 -4.343805 9.528236
-32.8156 0.7488098 0.2309755 7.914606
-4.381056 3.804895 1.964372 5.254389
-2.732504 10.60354 1.993846 -1.90212
-4.483259 1.892522 0.6614316 6.733007
-7.745817 0.7250304 0.0020535 9.218412
4.971949 1.231825 -0.1973665 7.288785
-0.9833233 3.168129 0.6113422 5.39189
8.932485 2.983949 1.731909 10.88533
1.934771 3.380755 2.83188 6.656924
-6.06244 4.559509 -2.667082 4.833406
-8.036698 2.626481 0.4749454 5.94305
10.20927 0.6188219 -0.4368125 8.924388
-2.789353 8.815593 -5.032066 1.274424
-3.806893 2.623906 2.604564 8.23395
0.7922092 1.203865 0.4086031 7.36772
-11.67832 1.78608 -1.311369 9.657448
3.495504 8.2992 0.1702636 0.2179895
-0.9765018 3.279637 -1.896044 5.824573
-8.278124 2.565202 1.411805 6.390341
-0.4611888 6.764903 -2.655457 14.7217
3.041939 8.348476 -4.678346 1.599721
-0.06130396 14.7218 -5.581259 -5.122804
-0.6816413 5.635653 -1.11453 2.97606
-0.1173392 4.02351 4.003398 8.098294
6.72617 2.447399 -0.5774528 6.139038
-4.023241 5.694883 5.07452 5.946319
3.941547 1.876382 0.02383032 6.628208
10.42762 1.176879 0.5655803 7.490153
14.25052 2.838692 0.7532166 5.853768
-9.523829 2.771037 -2.465968 7.322107
0.9969872 3.973555 0.7961068 4.607626
0.9333076 4.205073 -3.694146 10.50779
5.751232 4.486754 2.275523 4.659322
-8.032559 2.046614 1.437202 7.071263
1.988472 3.470971 3.394471 7.785368
5.278474 5.432898 1.648651 13.65253
5.228328 3.068105 2.148545 6.327707
0.0226112 3.847116 1.22327 4.852547
1.364284 1.346782 0.6870426 7.342086
4.842525 6.092832 0.03695786 2.429029
-0.7931729 2.263929 -1.84357 7.186364
-5.823081 3.431023 -3.356566 7.880157
-1.803563 8.442145 6.912183 3.660482
12.7992 4.143227 3.990158 7.865587
1.415541 8.076082 1.117757 0.504131
20.99639 1.577499 -0.3410684 7.067279
-21.79673 2.034052 1.498883 9.649034
-5.575523 3.385074 1.068719 5.304941
7.590383 2.063144 1.087073 6.767785
12.67905 1.367816 -0.7389326 9.611201
-15.975 1.997828 -1.911365 8.311109
4.433743 1.869682 1.863213 8.557067
-2.455141 3.362021 -2.616518 10.60625
1.290832 17.48392 -9.387957 -6.244448
13.19968 2.31464 -1.179116 10.42039
-2.056526 6.113858 0.04147301 2.39022
8.91902 3.616686 0.5275882 4.966212
0.6771535 5.121394 1.680326 3.662488
10.09393 2.607474 0.2811618 5.948328
5.079272 4.037971 -3.864709 7.385806
-0.07282625 6.524085 -0.1356014 1.977329
0.2175096 3.97885 2.454264 5.36829
-1.181388 13.94489 4.259928 -4.775178
-2.096245 4.898593 -1.14315 3.74003
-4.181806 1.07307 -0.7509064 7.737441
4.422343 2.750127 -2.311448 9.974938
-10.83459 3.369561 0.7704404 5.281432
0.6649253 9.301629 -3.175701 -0.2420575
-22.41346 1.787895 -1.521874 7.855213
1.411348 13.72579 -4.013973 -4.621398
-12.63675 3.558208 -2.60191 6.201096
8.188262 3.129522 2.95478 9.429789
2.349546 1.814713 1.801282 8.70744
3.23145 4.425715 3.802533 6.249343
0.2547674 3.381383 -3.054265 7.049141
-1.082028 11.14561 -5.581613 -1.144999
15.98127 2.193484 0.4822112 6.447165
-12.02755 3.842961 -0.329306 4.755855
11.81326 2.339942 2.012118 7.405821
-15.65058 1.427471 1.240926 9.09117
-10.12158 4.878272 0.9478477 3.792116
-4.397362 3.770442 2.605246 5.789769
6.218281 5.898929 -2.825854 3.361551
-4.195624 4.766243 -0.3670593 3.760723
-19.24823 0.8316232 -0.4928796 7.888848
-1.678974 7.869447 -5.25245 2.644506
5.846908 2.612218 -0.9505265 6.081453
4.349939 3.565557 -3.003507 6.597631
-44.54557 1.339246 0.5928602 7.751981
-4.025669 1.856492 -0.1287899 6.652572
-2.207915 2.166058 -1.847136 7.371757
22.71569 1.445018 1.329225 8.599337
23.37129 2.444381 1.371582 10.27582
9.562641 3.08797 -2.368013 10.4144
-0.1531706 15.01763 14.89657 6.597388
-1.289632 4.850667 4.718221 7.379532
-25.32586 0.6489366 0.4601615 8.136252
0.6497953 5.596658 -0.2717925 2.910306
-7.188514 5.07045 0.104451 3.470489
-6.361152 2.767594 1.487767 6.186539
-12.85336 3.231817 -2.934839 7.353488
-5.225695 3.5912 2.564094 6.006979
-4.073882 9.699974 -0.1260608 -1.174644
-1.725887 4.95965 -3.846212 5.372305
3.741266 2.49827 0.1751488 10.98679
-24.71834 2.013078 1.813146 8.737447
-2.781795 3.862112 -1.533726 4.960444
0.7218619 8.743502 6.616727 2.78549
21.45592 2.806731 -2.046105 6.876067
-1.705331 11.57308 3.43675 -2.545643
0.2194746 2.596178 1.774483 10.39506
-70.27199 0.6045632 0.2030103 8.520805
-0.8541693 16.22108 -4.94735 -6.946314
-9.967111 2.497024 -2.053687 7.146964
1.551267 2.224449 -1.467762 6.829604
4.899385 7.564817 -1.307781 1.077147
-1.320311 3.721192 -3.681566 9.03478
-1.503083 13.61472 9.82938 -0.9136278
-1.731946 19.88255 17.45339 -1.004412
-0.7451454 3.098817 -2.713154 7.003391
2.39832 10.49498 -0.9287149 -1.944583
2.101217 5.128451 4.967053 7.237448
-3.270699 3.144732 2.651897 6.819348
-6.066396 2.544348 -2.478629 9.007744
-5.763142 7.823093 -3.586387 1.591925
-1.618965 2.631368 1.390822 6.267471
3.732414 2.672683 -2.373061 9.717187
7.076283 1.534156 0.385795 7.027221
2.767776 2.757824 -1.211716 6.026216
-1.296938 1.542551 1.170405 7.495811
-5.271692 4.306092 3.823739 6.55966
-1.136722 4.425737 -0.3827089 4.091716
0.5123955 2.712727 -2.181817 10.11182
-2.342065 5.186249 0.5822148 3.350895
2.313355 12.21236 -3.348855 -3.233877
-2.57406 4.812324 2.847496 4.626562
11.63969 1.965744 -1.070192 10.10048
-6.436269 4.981577 3.415193 12.0834
12.7184 1.771624 -1.728077 8.483501
-22.51327 0.9466799 0.6346469 9.101692
-3.634661 10.84933 -2.823356 -1.952919
-18.02096 2.22093 -0.1563717 6.393818
-0.531335 3.858379 -3.074494 6.169057
-2.603425 8.011293 1.028749 0.5633711
4.934922 2.357457 -0.8157062 6.297479
-3.303955 3.848968 -3.12204 6.259863
15.83476 1.725578 -0.7746781 7.031738
-1.307145 21.72037 -2.117451 -13.11123
9.952769 2.90941 1.562818 6.098041
3.908582 3.686065 -1.04394 4.973793
-4.60211 11.34977 -2.345976 -2.567271
-5.481369 3.511803 -0.01568937 5.00429
-1.45779 1.115626 0.2939413 7.424168
10.18686 2.838072 -2.13454 6.698209
-6.451163 5.444931 -1.969468 13.53927
-8.141287 6.348654 -6.148089 7.19689
-0.09252422 0.3559292 -0.2639506 8.261221
11.28022 3.365862 3.282861 8.155948
0.4244549 4.117189 -3.729575 6.756271
-7.442961 3.176447 2.031592 10.90689
-1.149305 5.825319 1.288102 2.820081
-12.19593 1.801781 0.3872832 6.781995
-1.630615 2.334054 1.7781 6.989452
2.201666 16.75729 -5.235755 -7.405323
0.1929621 4.23391 -3.776716 10.41369
4.302615 9.386081 1.051517 -0.8003738
-8.567688 2.680804 2.622879 8.88433
-2.282157 16.70641 -10.63427 -4.367548
12.42457 1.592536 -0.9000149 9.768362
8.807536 7.568138 -0.6902362 1.053023
55.95968 1.152011 -0.6410642 8.569943
6.982908 3.078642 3.042045 8.789675
13.8193 3.389978 -2.129305 5.989553
-8.747833 0.4058416 -0.0009669894 8.901119
-23.30539 2.432673 1.809712 9.810169
0.2768406 19.34901 6.240146 -9.814914
5.822489 4.28709 -2.508717 5.050895
7.833262 4.766053 3.342865 5.165548
0.4791267 4.121148 -3.555355 10.58378
12.49467 4.378977 -2.535164 5.057494
-20.2719 1.703328 1.446135 9.179507
-2.846283 9.039984 0.5784999 -0.5102801
-6.468076 8.602239 -7.544498 4.482535
-4.381719 11.90696 -6.819829 -1.21792
-34.17493 1.59737 0.004082317 9.82154
-0.5770284 3.811379 3.809917 8.401683
8.253057 3.490352 -0.9821901 5.188378
6.766671 8.337114 -3.89106 1.192323
4.567906 6.132939 -2.281401 2.828177
-3.031945 2.067637 1.446361 7.0265
-6.272336 9.232277 0.1910301 -0.675022
-6.219726 4.752536 2.745696 4.655181
5.795506 3.324663 0.9194644 5.322696
-11.62185 3.008166 -0.976727 11.2799
1.063964 14.94081 1.231123 -6.387418
3.928 2.747619 2.328286 7.053256
2.807088 2.945851 -2.570126 7.067633
22.01574 2.264648 -0.213879 6.41141
-0.03303525 17.55929 -17.19012 4.918353
10.26075 2.320575 1.623617 6.894363
8.011242 3.469731 -3.393894 7.964575
9.845933 2.853239 0.8127621 11.19116
2.279273 22.12709 -6.868907 -12.51552
14.17969 3.087152 0.7677141 5.607039
5.557489 8.588635 -8.203651 6.097305
-10.19082 3.563812 -2.945688 10.40423
-1.736535 3.404616 2.999554 6.892692
-8.700383 2.850676 2.742866 7.854171
-0.6658824 2.7773 0.8848075 5.867612
-0.7371082 2.895059 2.353975 10.18487
1.728522 3.448089 -2.656696 6.304443
10.7263 3.366776 -0.5433941 5.236986
5.672424 4.466322 -4.414333 7.983463
-30.08377 4.044311 -3.232326 9.841148
-8.183556 5.894587 -5.451156 6.419849
1.878592 17.51243 -8.965303 -6.532593
-31.30149 2.350916 -1.726898 9.52607
11.78512 3.228509 1.806525 5.906752
3.533404 5.616089 1.28227 3.043221
2.24732 0.8791114 0.6089469 9.133113
-4.307 6.258186 3.910095 3.636343
13.18594 2.549 2.094428 7.168581
-1.514651 4.951475 -1.956019 3.953137
-0.4269791 7.512214 7.455861 9.416711
-1.38064 3.747283 -1.774763 5.200879
18.99383 3.708118 1.858466 5.526834
-12.81081 3.907525 3.793204 8.139915
14.81701 5.357818 4.705422 6.334853
-14.49376 2.654183 -2.268272 7.292371
-16.90042 1.554917 0.2058262 7.026544
-1.082729 5.15189 -3.20143 4.464739
-0.5942616 7.797916 5.020231 2.533574
-6.463501 2.65831 1.418572 6.271836
16.78791 3.018328 1.354477 5.947416
-7.399158 10.35782 -0.7283209 -1.745716
1.32821 2.764494 -1.796325 6.399633
35.60287 1.51478 0.3329104 7.314222
9.243237 3.210743 0.7574431 5.422797
4.604969 13.02366 -8.834781 -1.011519
-7.524743 8.663186 -1.371337 0.02160533
5.044538 15.01078 4.562181 -5.739658
23.0116 2.000061 -0.4193735 6.707497
53.91678 1.105944 -0.5627911 8.827919
-6.671702 2.954163 -2.768749 7.528757
-0.1851761 2.610284 -1.154567 6.158956
14.22021 2.655009 2.543311 8.105945
-14.24971 3.30938 3.124509 7.774833
-3.920532 1.4185 1.002301 9.499063
-2.367949 13.73475 11.82858 1.542547
6.67587 7.332686 0.4772618 1.232687
41.88085 0.3997884 0.1881365 8.26934
0.3904677 10.36589 -8.845613 3.09613
-5.793987 4.727584 -3.816601 5.751213
17.23369 3.886424 3.707179 8.687936
-4.887241 14.97048 7.449123 -4.422817
-0.6063817 3.17901 -3.052234 7.611831
0.2473821 11.62178 -5.389951 18.7962
0.4348284 8.250217 -1.068599 0.3195194
-10.28497 6.921679 -3.867176 2.893992
-10.75131 3.417266 -3.342796 8.18848
-6.724654 2.492897 1.537266 6.559346
3.047497 12.36728 -10.0799 1.364657
-4.325751 4.180479 -1.046269 4.464867
39.74331 0.7452702 0.5546567 8.355976
20.98353 0.9904382 -0.5022001 9.27651
-14.40472 2.541836 0.5282889 6.095422
4.298236 16.63923 -13.96568 -0.459272
-8.29353 3.972971 -1.190754 4.753244
1.438317 3.391441 -0.7547877 5.194713
4.428647 4.754991 1.36223 13.04087
-6.295555 4.439844 -2.312221 4.741168
-19.49254 3.527186 -1.368452 5.469632
-37.9464 1.922177 -1.380876 7.874829
-26.89886 1.87089 -1.152256 9.706691
-3.180263 6.065167 1.449046 2.620094
2.488483 2.935498 2.760864 9.489207
-3.161497 8.594855 0.1283862 -0.08081402
10.45108 4.412589 -4.323845 8.866909
-47.67421 1.698133 -0.6312736 7.546624
3.863977 11.14138 4.189314 -1.796418
6.835153 4.512037 4.473917 8.267211
-13.07742 4.32551 2.936506 5.478565
29.74721 2.612281 -0.163136 6.237833
0.297861 5.333592 0.5201593 3.191906
18.7753 2.869295 0.968315 5.961819
5.90209 5.116166 1.955487 3.801654
-7.260393 3.051076 0.3929716 5.499007
-16.49408 0.6513463 -0.6049021 8.655393
-2.342167 3.590108 2.933936 6.436176
68.86023 1.00422 -0.2696676 8.258248
-3.342471 4.182905 -2.035227 4.85376
-20.55691 2.864477 2.670776 8.745965
-3.717077 9.181636 -0.5557827 -0.6454484
16.64291 3.23213 2.170981 10.7083
-2.878739 7.965782 -7.954569 8.635909
-0.8133465 2.420054 -1.557906 6.648404
1.955755 10.50943 9.046219 3.162834
23.96303 0.6033293 -0.2021834 7.987084
-14.64547 7.862487 -0.6621635 0.9218486
3.127147 4.180455 2.459429 5.127255
37.305 2.178175 1.387045 7.461785
-0.8435134 3.083444 -0.02907341 5.417027
0.7559875 15.53885 4.393473 -6.403392
0.2626452 7.79296 2.552159 1.136887
-1.086854 8.542165 5.260933 1.77208
-20.39848 3.274481 3.058476 8.755648
-22.08982 3.127555 2.857084 8.014867
-0.3755668 6.102016 -2.720451 3.038119
-2.10375 5.524 5.121653 6.440357
9.889118 1.226605 -0.1025723 7.295982
-0.6696537 7.661198 0.9949285 0.9042078
2.23734 0.6954781 0.004145654 9.194936
4.390393 9.678316 0.7346583 -1.121911
-11.3744 3.625754 -2.579398 6.054294
10.00261 2.564164 -1.01124 6.186135
20.09048 1.400881 1.227234 8.974133
-31.88632 3.105957 0.4082635 5.894531
-1.252199 12.02572 -0.294614 -3.519241
-2.060916 14.46262 -0.1547366 -5.95244
-13.5569 3.979906 -0.9505118 4.749559
2.226068 8.49815 -3.494218 0.7604885
26.67472 3.091544 2.356436 7.058241
13.39134 2.533313 2.073551 7.16815
-30.81198 2.872239 0.8288516 6.176585
7.081217 2.08697 0.912396 6.640757
-0.991269 7.696005 7.000271 5.305164
-2.032128 8.321887 -0.5296812 0.2002315
-7.65591 4.202186 -3.617445 6.436252
-7.446279 4.136041 1.883313 4.856835
-3.681971 15.41843 -0.002856433 -6.886603
-7.856168 2.300999 1.820731 7.128646
14.8181 4.814797 -2.477388 4.559378
-0.8789388 5.364145 -3.266475 4.245893
-0.8319778 15.74913 0.6165771 -7.23539
-7.263506 8.521777 -2.371013 0.3859306
0.8771895 1.021881 0.1034121 9.516514
0.3558684 3.380114 0.8991847 5.241749
1.255741 18.79246 -11.41206 -6.424869
7.048442 3.933959 -1.795796 5.033283
-1.616871 14.878 -2.082273 -6.225581
-33.58518 1.587499 0.3113486 7.214684
8.509271 2.629664 1.085061 10.86355
-17.49013 2.309497 -1.076996 6.578521
7.320422 4.494918 -1.070628 4.17218
-0.5361243 20.36898 18.12003 -0.801799
59.39558 1.593343 -0.6173496 7.973789
-9.898047 2.027775 1.798433 9.369489
0.3640798 8.322697 -0.07092977 0.1777729
-4.49006 9.897908 1.677311 -1.223928
25.51592 1.783443 1.164187 7.388628
-31.3339 3.690693 1.908449 11.00909
8.743741 7.92354 -7.598657 6.604723
7.46202 8.062288 7.97234 7.911801
1.975904 4.149236 -1.57925 4.665725
-34.73599 1.173969 -0.5760256 7.726088
-0.2324519 6.253693 -6.087801 7.069366
0.434497 8.184649 -0.3516517 0.3231445
4.234192 9.461361 2.070994 -0.7054522
-0.9701256 3.205381 -1.430348 5.631965
-0.5946534 12.59595 8.804107 -0.5071415
-12.89515 2.892917 1.358581 6.028883
-17.81686 3.317517 2.81211 9.937906
51.42059 2.306498 0.5711515 7.179933
17.12927 4.047639 -2.977795 6.031214
-6.874258 13.32885 10.68351 0.6913003
5.569 7.872555 0.6358799 0.6904479
8.318382 10.78748 -0.6822824 -2.152166
1.34243 2.201708 0.8851405 6.484713
-2.760222 1.219516 0.9078165 7.687819
15.46224 4.999582 -4.53454 6.869928
-15.6855 1.798566 -0.3835047 10.18859
-0.1494001 6.093152 -1.485672 2.590768
-8.616073 4.929642 2.775128 4.493178
10.11656 1.057892 1.028008 8.333251
-35.61538 2.735582 -0.3264558 6.300215
4.874315 11.7245 10.25897 2.912076
-0.9357191 8.359618 0.14999 0.1428425
-19.39013 3.945601 3.416392 7.023483
7.81461 7.726266 -1.72592 1.042602
-4.038119 11.44796 1.123292 -2.864157
-0.5083905 4.197674 -1.125739 12.54373
-5.725724 3.944177 -1.94361 5.09059
-11.15224 3.87198 2.115154 5.34445
-35.98083 1.999262 1.617635 8.525133
38.01448 1.271548 0.1840278 9.484748
26.04412 4.006492 -3.201724 6.854856
15.18637 1.670004 1.017683 7.250259
-2.102908 15.20952 -1.074821 -6.661226
-32.53585 2.46265 1.766119 7.40857
13.95629 4.714831 -1.259946 4.101239
-16.13409 3.961301 2.684289 5.802824
40.00451 0.6774581 0.4340924 8.784343
-15.24682 2.752277 -2.145894 6.935936
-11.13516 3.192053 -2.073531 6.152736
-7.235962 4.488264 -3.902103 10.64441
1.589208 13.70826 -2.416031 -4.988316
-0.4998794 5.63132 4.930628 5.780027
6.488764 3.460873 -1.620704 5.467181
2.526076 13.92677 -3.816155 -4.879652
6.583265 11.64993 -10.08981 2.831422
21.668 3.158351 -0.5197434 5.611204
2.197758 2.164345 -1.651393 7.103433
-8.865782 8.239611 0.8351366 0.4017835
-4.053328 2.861289 -2.111811 6.580019
20.50276 2.202723 -1.212549 6.830723
12.60547 9.584381 -1.729075 -0.6921497
2.944551 2.497082 2.330961 7.613667
3.508238 7.142562 5.643112 4.143344
35.34705 2.015668 -1.636029 8.662763
19.25431 3.553667 3.317235 9.001236
3.643439 9.555036 -6.314251 1.354353
15.73286 3.605208 -0.4821521 5.063515
12.61597 3.663562 3.517231 7.859309
-10.37529 3.623524 1.70315 5.368971
-1.842382 9.423005 6.644965 1.825744
-1.724738 16.10491 9.682117 -4.360402
0.4840727 2.472437 1.664625 6.672015
-9.193029 2.787361 0.9398808 11.08606
-3.588681 3.464957 -3.116724 9.998307
2.541044 4.49298 -2.667878 4.890343
0.0166178 9.788206 -0.3179342 -1.283041
-1.340768 4.809007 0.3218405 3.703095
-4.402845 8.407772 3.707214 0.9813182
13.2581 3.998456 -3.83775 7.853132
28.35115 2.190026 0.1456861 6.578173
22.35426 2.732877 -1.411006 6.40302
0.3184459 9.950887 -2.473934 -1.138296
8.480248 4.392984 1.068873 4.28857
-6.473675 8.00142 -1.449845 0.6829148
-6.158425 1.285654 -0.543924 7.343268
3.705754 19.971 -1.359032 -11.38285
-1.669152 4.407163 4.143715 7.004595
1.864458 2.456794 0.7962457 6.177191
-49.51081 2.436826 1.526889 8.08515
-16.11827 2.297295 -1.41412 10.19442
6.614667 10.34882 9.038492 3.602791
-12.44478 3.415394 -1.680979 5.61946
26.0259 2.312039 0.6102271 6.514051
5.018557 7.299752 3.375674 2.059236
15.5206 0.27771 0.2649346 8.462445
23.7765 1.488236 0.2805074 7.167278
10.79255 1.744596 -1.542028 7.752307
4.05209 18.63231 -6.260781 -8.999489
-5.984525 2.262951 0.8031635 6.397571
-0.1918972 7.371359 0.64456 1.156917
-0.1671915 9.548344 -8.824478 4.853264
-32.37417 1.404631 1.000094 7.861925
8.500414 2.771773 -1.438025 6.166131
4.767354 3.077233 3.063022 8.352172
-0.5900082 11.37736 6.864607 -0.5723634
-3.785332 3.090197 3.02118 7.883422
-1.900636 2.407745 -1.672607 6.769901
-19.94292 3.869951 0.7777418 4.946228
-8.955176 15.11459 -2.614047 -6.199726
-51.65302 1.487173 0.009601251 9.422626
4.308413 11.25699 -2.404811 -2.464561
-2.8785 13.13955 -7.54817 -2.234872
14.91713 8.23551 -0.5401264 0.5603842
-40.70269 1.378363 0.2950965 9.502408
20.76754 2.485533 1.664356 6.87794
3.351475 5.845937 0.6030324 2.695301
10.58678 8.320097 -0.9771461 0.380113
-2.788179 4.398235 1.675058 4.438857
3.987483 2.576776 1.792337 10.3426
36.92939 1.027042 0.2157635 7.707866
-1.072722 3.096349 -1.051151 5.588111
0.3068698 16.73088 -1.199114 -8.187609
-16.49377 1.758746 0.06053052 10.18529
25.78406 0.4180984 0.2876915 8.257173
-3.4183 12.76454 -0.2001059 -4.240259
-21.67788 2.076918 -1.492951 7.276845
1.253111 6.820582 0.1605605 1.682939
-9.082126 1.738776 1.662977 8.927224
-13.55139 4.116812 1.174841 4.67412
-18.45895 3.770647 2.519886 5.961773
-16.94613 0.3742192 0.0335314 8.856396
-0.6911628 14.10181 -2.581459 -5.362478
-24.07543 2.459594 0.8958129 6.440782
4.595659 6.21671 -3.523133 3.402264
26.32571 2.617429 0.7456595 6.275688
43.67743 4.902686 0.7001627 5.024
9.473165 1.119431 0.7953358 7.734088
9.257244 8.25967 1.804307 0.5500852
5.823254 6.800525 -2.755857 14.6787
-3.571186 9.222487 -2.423162 -0.379896
42.90288 1.329112 0.03727936 7.527128
-5.635593 6.473612 3.946057 3.407638
13.55757 1.895707 -1.292481 7.186337
-0.5781278 3.688715 1.10053 4.979479
-13.35638 2.866936 -2.751313 8.040671
2.360738 3.400444 -2.544065 6.248082
8.243137 4.472793 1.973605 4.537739
0.5672417 16.80529 1.487853 -8.238474
15.89486 3.479789 0.7195368 5.231522
-2.27936 4.37069 -3.786403 6.323794
17.16125 1.032958 0.6640518 7.769834
-27.24355 4.62729 -3.33027 6.084607
-2.177752 8.021308 -2.994199 1.064729
-0.7166284 10.69064 -2.977309 -1.766822
6.660167 5.441234 -2.764496 3.856044
39.77272 2.007511 0.8385423 7.204801
-3.47318 7.945672 5.308962 2.607893
-0.9465517 3.76933 -3.741904 8.94958
3.342836 11.06247 3.136497 -2.088888
1.916431 5.455799 -1.678753 3.312107
13.37854 6.920168 0.01223167 1.767638
12.15079 4.854824 4.490154 6.962594
-44.47494 1.925031 -0.1260651 9.867822
15.24157 3.37605 -2.985226 7.19676
-14.12266 2.635891 -0.9953676 6.145532
-20.56424 3.47793 1.277537 5.504758
-0.7217597 13.39249 -4.562475 -4.090238
-9.24741 12.49779 11.71624 12.3589
-23.37301 2.392722 0.6960953 6.416846
-13.87851 7.315054 5.808173 4.41387
-1.04232 7.836287 2.138931 0.9626229
-1.599348 3.690879 -0.8039978 4.899227
7.967807 11.84665 4.488857 -2.339589
-11.92858 1.429081 -1.366048 8.201777
-0.4461465 11.67456 -6.450198 -1.230468
-19.1532 2.456707 -0.98412 6.39828
9.799987 3.557658 3.454766 7.904321
22.64585 1.897652 0.2650237 10.23118
-5.438746 2.337528 2.320088 8.67929
-46.07422 1.976506 -0.1472036 7.136771
4.475389 3.640494 -3.626976 8.367549
-25.96398 2.136332 1.233707 7.027894
2.829314 6.582769 -2.544195 2.437465
-1.980255 17.89552 13.81205 -2.861971
-2.240582 13.13438 -9.889609 -0.1280849
2.548071 14.64509 -5.840886 -4.914124
17.84204 1.288354 1.042088 9.146595
11.77288 3.604288 -0.5542919 5.01534
23.84475 3.713833 -1.398493 5.404404
-12.22032 5.781309 -0.5057304 2.872368
-6.568744 2.127901 -0.2939575 6.406606
19.6656 2.821777 -2.296148 7.162701
-12.35882 4.678619 4.45458 7.478514
8.036968 2.16521 1.509877 6.977908
4.560895 9.062863 -5.328431 1.204526
18.12392 7.343655 1.461203 1.675368
-1.182365 26.0272 -2.493364 -17.40192
-24.67418 1.083662 0.05603024 9.483124
37.04799 2.917277 0.5709182 6.24271
9.359601 2.923366 -2.383734 6.875855
-0.8296174 3.877443 1.560171 4.950736
13.15435 2.917161 2.581455 7.314593
-15.49729 0.8145391 -0.6307193 8.967226
-6.859574 2.140565 -1.673875 9.809504
11.39085 3.229243 2.948105 9.653224
-30.81402 3.205235 -2.166844 6.802205
38.99539 3.036289 -1.717839 6.882084
-9.688378 7.131097 2.415532 1.898672
-24.01937 2.165558 0.007552251 10.47802
8.621103 2.376111 1.560912 10.25573
7.47006 14.23637 -11.20499 -0.08468376
-61.58586 1.952487 0.5755579 7.770677
10.32633 5.305107 0.538398 3.308665
15.4565 3.116898 -1.745432 10.9451
11.47203 1.556301 -1.483581 8.85391
-1.107132 8.137724 1.765091 0.5575641
24.66183 4.123787 3.714412 8.002049
-3.96994 3.40429 3.395933 8.535791
-41.69375 2.678242 0.2278792 10.48685
-5.618054 16.82472 7.918574 -6.253123
35.26678 3.835445 -0.4606414 5.40253
-12.57802 2.803036 1.553648 6.248205
-4.593038 9.494916 -2.793935 -0.5426357
2.928359 3.586427 -0.1899136 4.923295
4.540426 8.170603 1.229972 0.4484435
24.93118 3.550379 2.673609 10.29366
10.6888 7.029141 -3.144296 2.349998
3.200522 17.25043 6.531995 -7.436835
64.04293 2.277089 0.1964329 7.522873
3.641422 2.46509 -0.3171785 6.060419
6.480447 5.354011 -0.1986624 3.183909
7.615587 9.073344 3.573678 0.2472123
-3.909101 20.62108 17.07454 -2.976613
-47.25989 2.990438 -0.9930671 10.26998
-5.532444 2.13978 1.337787 6.842766
-0.2793083 2.75624 -2.620306 9.354794
-88.82436 2.025282 -0.02726325 8.468641
-13.26214 2.766796 -0.8329416 5.939043
-0.7970733 11.80373 -5.267456 -2.061964
-1.854172 1.231246 -0.03680304 9.730051
49.87745 3.546512 -1.147806 6.523673
-9.803126 1.361202 0.02947 7.158997
18.56319 1.864237 -1.507041 9.423033
-8.684321 2.549333 -2.476677 8.96584
2.421485 10.39244 3.242234 -1.363973
-0.2582697 12.27147 -2.130534 -3.584977
6.012939 6.823816 2.124424 2.054821
24.39993 3.000565 -0.2203333 5.77633
24.90032 4.685389 0.8899665 4.344386
-11.99531 2.682624 -2.562938 9.063005
0.5019428 9.024488 2.046541 -0.2890157
3.389363 2.768352 -2.759249 8.65339
-8.010802 3.948066 -2.086765 5.193957
67.98853 0.8618137 0.1226834 8.201205
31.91489 2.225766 1.819997 7.992961
10.98083 1.897504 -1.853311 8.312583
10.31334 8.275675 -1.93844 0.5921502
-11.88489 2.896934 2.193773 6.704549
-3.132465 3.034944 2.431014 10.3093
5.71532 3.910246 3.740204 7.427963
-5.620284 7.891758 -5.062829 2.495814
23.08109 1.386849 1.272004 8.401218
7.042491 7.887156 6.629859 4.338618
10.63871 6.750678 -1.714023 2.090587
18.58785 4.032586 1.749343 5.101582
-9.024439 6.574951 -2.810207 2.646019
-9.398898 12.43857 -3.648764 -3.216587
-34.34483 4.292617 2.74713 6.260615
24.5183 4.585928 -1.673313 4.677825
-27.44623 4.287753 -1.03979 12.16032
6.202912 4.508953 -4.087764 6.660575
5.152764 1.965976 1.957835 8.472353
6.93614 2.942847 2.496518 6.982948
3.547904 20.26948 -3.700303 -11.38935
-15.68427 2.657892 0.9783597 6.135486
-7.660031 2.95845 2.806953 7.65269
5.502924 17.80025 -3.61112 -8.84632
82.75912 1.272237 -0.07654197 8.359093
12.15618 2.090845 -1.953469 7.898549
-26.98762 1.550866 -1.197272 7.809768
-4.030621 10.97773 5.068537 -1.20696
1.194596 8.854671 0.8862691 -0.3082713
-14.28658 5.539705 -5.216007 9.769955
-4.415681 5.472616 2.086088 3.458152
15.04642 2.946838 -2.229412 6.731287
-0.6773926 3.324624 -1.358865 5.466014
30.32135 2.933969 1.470443 6.437967
39.48798 1.098312 0.1337201 7.662983
-12.70968 3.099405 -2.631375 9.98902
-0.3158799 8.417986 0.574005 0.1017351
-7.080994 4.643723 -4.528566 7.64644
-15.07755 5.206245 4.80135 7.010724
-6.249818 6.072063 -5.497871 6.008732
21.94429 1.707868 -0.404839 6.968474
23.1394 2.013622 1.746694 9.114484
-2.571973 2.348344 0.7191202 6.266957
3.108064 10.01781 8.754303 3.660205
12.22083 2.131528 0.4937868 6.476142
-14.58756 4.490846 -0.1910578 4.158123
23.77562 2.210032 -1.761778 9.493237
24.48695 1.427119 -1.146851 7.890489
-7.743024 14.80505 2.12361 -6.015547
-27.55862 2.639499 -0.591106 6.235874
50.45873 1.664818 -0.8901121 7.924635
-0.3179045 8.386294 -0.05170989 0.1139946
5.259696 8.442491 -0.3438543 0.1000913
-11.65113 1.242432 0.9987229 9.19515
8.282612 11.74974 -4.399877 -2.262557
-37.82411 2.038731 0.1997879 6.902053
-7.971374 2.677827 1.234363 6.152831
-20.62555 4.93344 -1.29786 4.068943
13.39663 6.051844 -0.1974688 2.616142
12.47412 11.45551 -3.019085 -2.269929
18.1528 2.0923 1.987867 8.53437
42.96715 1.0808 -0.7338542 8.794844
-62.5185 0.222081 0.1015594 8.51372
-19.67301 10.18421 2.736471 -0.6910312
-3.154813 3.798083 -3.775896 8.852637
0.8278877 4.022896 -3.984862 7.951194
34.57884 2.082902 1.639107 9.004358
62.19982 1.328406 0.5418708 8.800373
-30.42648 5.202611 -0.2108572 4.018852
-18.06847 2.002165 1.234527 7.05121
16.24464 2.066967 1.061041 6.823033
1.69729 9.781353 -2.247937 -1.015131
-40.43657 6.169439 1.090501 3.932669
-0.03544815 8.38415 -0.03012424 0.1159055
-0.5590205 8.541903 0.1103404 -0.04078365
12.34047 4.009376 -3.56287 6.873103
56.95454 2.79234 0.6142184 7.106704
13.16723 1.550887 -0.2910719 7.018204
-8.533483 1.862456 -1.780407 8.028286
-11.36924 8.23095 1.099598 0.5058348
-7.383814 4.735569 2.568124 12.43192
28.7038 2.234523 -0.4508462 6.592627
15.17241 2.814158 -1.21004 6.068373
15.25098 1.104335 0.9007747 9.069011
33.83301 0.8212334 0.2446788 7.863222
9.262108 1.554182 0.5712148 7.076405
16.0148 11.38549 -6.033316 -0.6302845
24.06493 2.301661 -0.8093649 6.560492
-35.30529 1.481841 1.104997 8.991329
-11.97025 2.648502 -2.55411 8.064862
3.010372 13.75964 5.975015 -3.873551
10.85572 4.161728 -2.992874 11.28358
43.38793 2.747799 -0.7447623 10.3528
-4.011887 7.638993 0.1444703 0.8810952
-22.16937 5.3067 4.765162 9.701852
10.06754 7.597737 -3.497118 1.886999
-53.10355 2.197604 1.280321 8.181355
0.851835 9.959043 0.07030985 -1.457694
4.130017 12.06263 3.463048 -3.022132
-75.58698 3.076152 -0.4584877 9.11324
-12.17782 10.93385 -2.41763 -1.910778
-16.91146 1.148874 -0.7592364 7.705153
-2.147665 2.86225 2.476417 7.068801
12.06852 7.456477 1.359779 1.336234
20.79464 7.485519 3.905368 2.693214
-0.7267687 7.969111 0.04154171 0.5316388
-14.47736 8.364408 3.97306 1.442699
-1.776419 17.14597 -8.36388 -6.458189
10.31006 3.199771 3.104438 7.977468
-8.954267 2.910112 -1.657171 6.151091
37.49544 0.7976502 -0.6253318 8.402695
-38.85868 3.610072 -0.3823641 5.714978
-2.177591 2.055123 0.558334 6.523717
-5.943587 9.563733 -0.9614793 -0.9636052
16.39037 3.334073 0.790441 5.400625
-2.495454 10.17672 -9.512198 4.910101
0.09122756 12.98768 8.57339 -1.255839
30.24264 1.770767 -0.7180374 7.14922
0.9639825 16.77428 5.809486 -7.233621
40.50589 2.624757 0.2862039 6.524923
-0.002349296 25.05086 13.1696 -12.8098
-19.74666 5.346887 5.032046 8.565071
-22.15519 2.173641 -0.8723714 10.31432
-13.18198 2.100999 0.9684855 10.30185
28.70992 1.812043 0.9147045 7.200341
14.70815 1.178777 -1.134776 8.389434
-40.55479 2.131057 0.435786 6.940603
31.9468 2.184671 1.75222 7.894835
0.1501717 15.02702 5.07816 -5.642915
-0.6685452 8.113267 -0.4721646 0.401037
63.81957 0.3703122 0.08601838 8.638904
9.386146 4.924815 4.630132 7.026709
1.441643 15.93491 -8.168561 -5.176084
-15.82949 2.860357 2.726763 8.129002
-6.797001 8.774915 -5.321202 1.600333
-5.492116 2.929885 1.383451 5.932578
30.13851 3.605952 -0.5427882 5.429123
-36.25999 4.234164 -2.339035 6.012923
13.7173 2.822401 -2.717935 8.138277
8.16873 3.00813 -2.633108 7.109713
19.80615 0.7495994 0.3574531 7.892041
-17.332 1.611157 -0.7249724 7.143585
49.53285 2.530785 1.18392 7.361505
2.340875 6.621585 3.049162 2.628471
-59.28736 2.242145 1.119359 8.258396
11.74534 2.466593 0.4311901 6.123859
-63.06784 3.521835 1.59383 8.565207
0.1865491 1.88458 1.089799 10.03751
31.07365 1.429434 1.076771 9.082679
26.00671 3.994639 -3.381025 7.292579
6.562048 1.867969 0.4803406 6.707513
-8.130317 8.071385 4.339187 1.790627
-31.49454 0.6433436 0.06906861 7.955793
-2.270327 16.44091 -5.268977 -7.060115
2.219927 2.253163 1.688619 7.010808
3.355955 13.85993 11.47692 0.772144
24.2733 1.835964 0.3881261 6.87197
-4.808042 16.15906 6.450434 -6.253735
-3.097503 1.326983 -1.314023 8.670543
-26.55937 1.746495 1.308229 7.6462
19.78507 1.123363 -0.8628316 9.110636
-0.3136267 10.9155 2.986004 -1.99897
61.058 2.210011 -0.2060779 9.549435
-0.9187255 2.380527 -1.232893 6.463968
-41.25516 0.8027203 0.1927371 9.071863
-17.19674 3.68376 -3.440335 7.759727
0.7717107 7.125129 6.141515 12.1111
-35.78754 1.843325 1.325445 7.807841
2.083425 1.822338 0.3696897 6.716785
-16.30324 3.624855 -0.2125868 5.027403
0.8537313 1.124419 -0.7483179 9.339081
56.96779 1.956296 -1.041672 8.271697
10.27085 9.962228 -3.603555 -0.6162059
-2.3642 13.8774 -7.337036 -3.265303
3.357135 5.580326 -5.365475 9.998307
-4.853689 13.15695 -4.765107 -3.713103
0.1404829 1.517304 -1.479828 8.835121
-26.66219 2.973187 -1.207221 6.133043
-59.54263 1.530742 -0.1793512 7.745084
7.483166 17.29129 -8.112252 -6.603279
-9.381292 3.2595 -3.077259 7.565909
-12.42113 6.888319 5.281227 4.33319
-10.37243 15.63801 -5.500858 -5.865257
14.16709 4.413976 4.236012 7.889843
-0.3101402 2.77252 -1.0746 5.944246
9.513142 8.830185 0.01137615 -0.2087427
-0.7972304 0.2543397 0.2483539 8.55474
10.64779 12.20929 7.575955 -0.804967
1.039056 12.3204 4.619216 -2.919508
16.33446 2.259874 0.5922151 6.41377
27.05414 2.069594 0.6857784 6.789196
-4.275729 10.11709 4.025778 -0.7509225
-23.23865 3.664118 -0.05504497 5.133604
6.152298 8.416456 -1.192329 0.2174
-11.37544 10.58264 -4.336537 -0.9249634
40.56679 2.241092 1.676618 8.204599
34.15475 1.471817 -0.4863628 9.616642
-29.80527 2.691106 -0.1911519 6.172711
-0.6219489 2.895481 2.660471 7.357756
3.026036 16.58996 12.6809 -2.160888
4.894928 2.611299 -1.745858 6.570955
-6.883457 15.82774 -3.564382 -6.804058
12.617 3.497656 -0.7327235 5.166381
-8.325887 1.814082 0.7849942 6.885789
-31.13657 2.881141 -0.5237645 6.090186
-35.46429 3.228712 -0.451334 5.909308
3.26879 15.41169 5.699094 -5.792248
-55.81947 2.738828 -1.167785 7.498095
17.43755 1.844691 -0.7174921 6.892981
22.27492 4.008757 1.988231 5.368209
76.337 1.504885 0.1780771 8.807648
-33.75308 3.481835 0.9784762 5.775438
20.9252 3.047312 2.728161 9.311638
-20.96059 5.366592 -3.049294 4.52299
18.96183 2.373571 1.96476 7.414317
20.0887 2.609287 2.43395 8.784685
-0.386313 2.442568 -1.089039 6.31371
-27.04726 2.769447 0.3924876 6.064869
-56.34686 1.135981 -0.5536938 8.20047
-47.22598 3.368374 -0.2817671 6.229929
-50.26152 1.742793 -0.07902752 7.388666
11.6201 11.34196 1.668599 -2.483481
11.3213 4.885416 -3.1728 4.911012
-1.918158 8.31974 -1.623759 0.3450059
5.199383 1.240174 0.521742 9.619458
-86.01726 0.5317878 -0.03315588 8.516277
-0.4496736 16.3887 -10.25254 -4.285077
-3.985761 4.323825 3.975397 6.826275
-30.44837 1.513756 -1.079442 7.766652
-1.190705 9.415696 0.3054469 -0.9087064
66.01302 2.513181 0.8107145 7.878249
-20.68899 2.441365 -0.04457891 10.78349
20.42686 7.259695 -5.477299 4.464824
-19.8798 1.328801 1.098505 9.095671
25.74362 2.074514 -1.299573 7.157309
6.806763 13.76367 -0.2539306 -5.164293
29.89197 3.220924 -1.540692 6.171062
3.107643 3.243072 0.9299847 5.398108
-8.432827 1.78353 -0.437128 6.790764
-29.80212 2.131439 0.4354286 6.702436
14.67045 4.894297 0.8349876 3.839472
43.23774 4.486498 1.3089 5.505033
12.40821 6.294921 -1.071649 2.44624
-36.1461 6.580389 -1.283256 3.343512
-18.88122 3.348669 1.225112 5.577949
70.06706 2.307216 0.5645733 9.047685
-3.940734 10.85246 -4.405252 -1.390063
6.026957 2.105931 2.082305 8.723739
-31.31785 5.637099 -3.497424 5.18948
-5.203448 3.767823 -2.479264 5.683447
-4.224645 13.51899 9.798467 -0.7607324
-13.21821 6.135171 -0.7428576 2.57375
-0.6819635 3.734676 2.992128 6.265498
29.25527 3.01798 0.7340026 5.971336
-12.02256 6.512101 6.325695 9.243697
-27.93843 5.030938 4.310414 7.41616
29.70768 2.814489 -2.244922 7.532409
-3.29815 3.275323 1.884351 5.82765
-77.49612 1.726509 0.3420076 8.650852
22.10284 1.052222 0.971698 8.42112
17.10513 2.370141 1.943264 7.33582
31.23211 4.095319 -1.815992 5.505877
3.549641 1.941287 -1.089487 6.897762
6.717233 12.01883 -0.7956362 -3.409784
-45.74426 1.291333 0.4111014 7.69806
-5.51427 2.085521 -0.8530593 6.607508
-14.11079 2.667219 0.7876951 6.03611
-23.40667 4.476122 3.286381 6.035549
65.38443 2.605171 0.5502458 7.564731
-18.74965 2.206738 2.026391 7.989808
23.4497 2.072725 -1.747605 7.750517
-2.496497 1.666387 1.635767 8.809586
-34.51767 3.985518 0.4757775 5.250775
39.22775 3.314051 -2.082784 6.999174
-11.12333 6.93362 3.702256 2.79219
-17.0108 2.651448 0.1166723 5.96724
13.65186 8.631951 -1.505843 0.2481933
17.51859 2.791221 -0.1762228 5.844077
20.82117 3.993028 2.822893 6.058474
0.6053024 1.82329 -1.651259 7.727109
24.21371 1.284983 -1.156213 8.691303
14.02652 9.876805 -0.1583671 -1.081005
47.91984 2.984511 1.871709 9.205137
-17.394 5.85617 -4.168988 4.778509
-27.79524 2.426917 1.771613 7.287333
2.793901 21.51379 13.49046 -8.225756
-12.1219 5.386247 0.1579089 3.236218
69.73978 1.756778 -0.3762871 8.978008
-21.19099 5.308648 -2.416664 4.180385
-36.56297 0.2197874 -0.1762371 8.489769
-39.55063 2.821698 2.153687 8.808746
14.82629 15.37663 8.829321 -3.458341
18.64792 2.709538 -2.453533 7.744248
43.46316 2.035591 1.404057 8.959925
-36.25231 1.581503 -1.035807 7.755931
-6.504146 14.92859 10.03149 -2.425768
-37.73231 4.272253 -3.21356 7.456185
-11.98028 3.854042 -3.737446 8.004889
49.09973 3.828308 -0.204451 6.001789
-8.719931 3.035319 -1.775393 6.081449
1.845909 20.67485 12.14043 -8.221717
4.010442 12.10736 9.840066 1.496838
4.130966 3.130858 3.093712 8.075327
41.98061 3.860775 -2.011354 6.452736
0.2638063 11.65862 2.808488 -2.815167
71.11869 2.487711 0.1833537 7.716113
1.427656 10.32644 -4.033837 -1.002486
-0.9436278 3.644931 -1.771286 5.314963
-12.86774 2.279951 2.06789 7.685015
14.24894 2.385871 0.3860093 6.219974
2.729178 13.2437 10.42274 0.3535599
62.28505 2.092258 -0.4492333 7.636854
15.80508 12.91696 9.192261 0.1350243
2.005788 2.560352 -0.8061672 10.92847
-26.74889 1.496277 1.326541 8.339991
77.44762 2.010546 -0.4369149 8.505995
26.26584 1.300728 -0.1567338 9.65585
-22.03733 4.077114 -3.163541 6.432477
13.38463 3.848889 2.869813 6.094943
34.35237 2.382213 1.209079 6.948842
-2.345189 3.509455 2.462289 6.003445
-18.42038 9.879716 1.443598 -0.7616853
11.75264 1.41158 1.083833 9.357435
-63.38168 4.549294 -2.036253 8.591069
-15.1015 1.27993 -0.7490918 7.517204
61.16517 2.389465 -0.955915 7.856365
-17.56042 3.202153 1.614283 5.90877
32.82813 3.399528 -1.108275 5.867124
23.48255 1.503696 -1.146115 9.267143
18.60458 6.296357 -2.881698 3.274598
2.507183 9.155945 0.201607 -0.6449587
-40.88801 4.430205 1.347905 5.434019
-44.73468 2.839877 -0.2420271 6.497197
-22.05326 1.444485 -0.3490312 9.792502
62.22193 2.450924 0.1206556 7.364142
-11.0526 4.045164 1.082592 4.680321
-51.95289 4.498695 -2.140845 6.738177
23.13 2.298222 1.555837 9.930446
-5.596574 15.62509 -13.21876 0.3094226
-46.12886 3.01931 -2.060477 8.864672
24.3256 2.415304 -1.393641 6.796591
38.1076 1.823726 -0.850186 7.343963
0.4583095 20.39934 9.900204 -9.33515
-61.4444 2.002642 0.9398836 8.681699
-14.35319 3.273104 -2.827673 7.065039
1.617588 18.14914 2.335598 -9.490936
4.418914 25.05543 -9.20477 -14.72327
26.72307 12.57949 -2.762031 -2.391106
-2.395445 5.662505 0.3864853 2.85566
-0.9176529 3.701251 -3.503339 9.692626
23.83355 2.663224 0.8661924 6.223081
64.65464 2.664738 -1.075907 8.121016
-24.88531 3.942555 2.913296 6.425384
-17.17958 2.51623 2.385916 8.205975
-5.101815 11.53702 0.4235772 -2.983508
-34.81898 1.775903 -0.2199565 7.058742
-53.51718 0.5014515 0.2579811 8.350529
10.96021 18.50454 0.6939198 -9.653747
15.24523 11.3369 -2.850026 -2.060115
18.05139 1.898124 0.474467 6.758791
20.19123 3.672462 -0.6479618 5.114679
-19.30588 13.26865 3.9859 -3.371226
-31.34043 3.723381 0.6073278 11.62158
-4.181906 2.910165 -2.813311 9.213658
26.99117 4.684184 -2.520846 5.17324
-3.228874 11.10347 -9.788452 3.295956
-80.02651 1.340028 -0.1688034 8.340727
-11.45105 3.68592 0.1980679 4.892883
45.07725 1.45279 0.7251257 7.774296
45.91832 1.634073 0.3976872 7.435034
4.420768 8.841712 5.476512 1.59209
27.08186 7.979948 7.070382 7.799467
12.89871 5.364927 3.282826 4.429221
-4.4473 2.665763 2.276549 7.128544
9.394138 2.394095 -0.4015154 6.17239
-5.824689 4.657613 -3.347703 5.296436
-76.10593 2.076242 -0.2206594 8.947073
50.00406 3.663781 -1.124406 6.430952
-69.0351 1.012094 0.003140162 8.137891
1.42751 6.457296 -2.526256 2.55956
-1.654107 1.832678 1.365859 7.279205
34.19706 3.070836 -2.453626 7.843567
36.15979 1.474893 1.176545 8.316353
15.38149 8.155506 0.1120873 0.6374138
18.55724 10.89149 5.995054 0.09351298
-2.236901 11.55325 9.994924 2.722817
9.319615 3.303034 -2.863786 6.943515
-0.6267467 3.473201 2.592921 6.189493
4.879774 2.407424 1.054237 6.345392
-71.48657 2.624513 -0.7326656 8.897089
-41.04211 2.917293 -2.199154 8.571051
-21.0678 3.145868 2.405832 10.18215
-58.36175 1.245725 -0.6387489 8.637831
-22.54768 2.415228 -2.195852 8.892242
-25.87613 2.767273 -1.068226 6.250972
41.55864 3.077937 -2.275885 8.146661
0.5444099 8.688097 0.2626795 -0.1837329
80.60166 2.548652 0.1285865 8.895826
-1.84889 14.10301 4.057858 -4.99895
1.615577 2.511149 1.196544 6.293388
9.668455 2.916987 -2.865864 8.735871
47.58835 2.162837 -0.9671418 7.407969
-31.75408 8.371115 -2.90984 2.003852
-5.864476 6.89327 1.352516 1.777515
14.01627 3.582274 2.275607 5.872922
-31.24833 3.633457 -1.816712 5.980296
2.562823 2.48284 2.165874 7.291215
-0.7350546 9.825642 1.26818 -1.242642
-9.887495 8.202088 -1.828684 0.6293881
55.30832 0.3452133 0.1939358 8.531527
11.45143 7.7417 3.366701 1.700233
0.5831892 5.224736 -2.290156 3.804233
-4.976682 17.46266 -5.740069 -7.922577
35.67769 2.119833 -0.296873 6.803821
22.52879 5.377247 3.110535 4.627713
-2.061 3.030101 0.1498996 5.475571
75.55588 6.100657 1.50031 8.754376
-7.236665 3.577052 0.4529363 4.980467
4.523331 11.26276 -7.90976 0.5315354
43.64667 2.273611 1.495568 9.185553
17.94411 4.058136 -1.816904 5.093513
-16.58539 11.34269 -2.650781 -2.04264
44.05679 2.656355 -1.846298 8.014783
-49.81169 1.817025 1.133937 8.201651
-7.68047 12.34421 -5.942815 -2.193024
22.717 1.087435 -0.8637155 7.989945
2.938614 0.9620505 -0.8410901 8.964409
-33.26819 6.708564 -3.92761 4.495502
21.73204 0.7317615 -0.652657 8.690004
-31.63899 3.062047 -1.651337 10.51723
-33.11799 1.728212 1.429898 8.724787
26.30426 5.689972 -1.731517 3.702088
1.008333 8.624684 6.374492 2.69242
-27.99774 2.843367 -2.376106 9.310687
34.89351 2.648754 1.761623 7.228518
4.064557 2.252468 -0.6064505 6.336591
12.00477 9.724763 2.485222 -0.6816906
0.9271479 23.74329 -4.51936 -14.80604
-13.03713 2.366377 1.990344 7.336679
75.1955 1.333759 0.1068834 8.17639
6.963984 0.7629858 0.64587 8.895527
17.79434 8.913838 -2.611499 0.42436
27.70888 3.054845 -2.561988 9.3664
-0.2800754 8.632888 0.1597764 -0.1313058
71.39186 2.592832 0.6618064 8.99652
-16.02212 13.69478 -11.21478 1.608835
16.94221 7.009507 -1.341868 1.930351
39.90197 1.273165 -0.678021 7.796985
41.32116 4.704464 3.30696 7.256155
-35.16478 1.026288 -0.5542551 7.870155
-23.87167 2.103083 -1.506995 7.305194
-17.58399 6.967529 -2.797493 2.475896
41.84719 9.003246 -0.4105919 1.805822
55.82972 2.587741 -1.381775 8.950685
-13.13359 3.867078 -3.339459 6.759248
21.61774 2.073488 1.173496 6.970713
0.5302841 3.812712 3.532634 7.066117
61.99702 2.151619 -0.8124281 9.100425
7.634731 1.674869 -1.358473 7.545944
23.24708 10.42496 2.073382 -0.851476
32.99287 1.69146 -1.3066 7.947293
28.90023 0.8226826 -0.1071194 7.787783
18.3273 3.194727 -1.541118 5.888088
0.2240547 3.432591 -1.242289 5.300122
23.72238 3.934533 0.2395746 4.905889
22.39004 4.158261 0.8169478 4.743017
67.41222 5.000117 0.3146947 6.605421
68.37745 3.155313 0.7938932 7.650523
-29.04765 1.316716 -1.148308 8.41996
-26.58113 4.909592 -3.910422 10.49661
61.72445 2.975849 1.203741 7.766343
47.35895 1.664853 1.101308 8.7429
25.98315 2.71479 -2.335029 9.209318
4.246526 2.128495 2.110514 8.273323
-62.01644 2.732699 -0.5078526 7.322628
-20.09178 8.358093 0.1446677 0.6518839
31.69845 5.747056 -4.730708 9.73692
9.975404 2.565692 -2.523203 8.363274
-1.427019 2.917976 2.671897 9.670584
27.85897 11.6878 -6.09079 0.1527153
69.50877 1.29525 -0.1537415 8.92656
21.4811 18.13787 -5.598012 -7.422585
16.23318 2.173706 1.347401 6.906179
10.482 9.302238 6.879681 2.471928
-28.21624 2.518784 0.9903538 10.48627
5.901242 10.19685 -4.887226 -0.3877228
7.781156 4.779289 3.846927 5.738829
-8.002069 2.191553 -1.668657 7.112408
-21.47245 8.171064 4.503476 2.373123
-42.98797 1.804896 1.091403 7.757055
1.310749 4.006789 3.973112 7.98977
-13.99226 1.813419 0.4883131 6.809502
82.85408 1.75153 -0.1309057 8.674177
-15.72041 3.700392 3.561678 8.546381
39.57526 3.513473 2.494177 7.444952
4.50908 10.06586 2.31922 18.26302
10.30383 2.446254 -1.636402 6.735095
5.91068 1.692823 -1.26796 7.392056
2.541008 3.123687 -3.118465 8.384154
57.72885 1.304747 0.6294797 8.798432
59.92586 8.808785 -3.016975 5.277648
14.05187 2.213217 0.1530284 6.358471
74.40134 2.570828 0.07388452 9.187329
37.64571 11.08305 -8.611504 6.810935
0.4527997 2.892767 -1.526725 6.043032
-0.0512448 16.94014 9.428074 -5.574072
1.960494 2.927389 2.586366 7.132417
66.91013 3.976063 -0.7470803 7.131307
-19.09307 11.7749 -4.122307 -1.835373
11.90782 1.573491 1.536588 8.596744
-16.29993 10.96287 2.03903 -1.82277
44.55597 2.361089 -1.41411 9.411517
-31.30358 2.648703 2.009919 7.459833
8.023345 9.722425 2.198601 -0.8728437
13.58037 2.311434 2.090868 7.677549
14.865 3.126918 0.8596721 5.602575
63.45568 5.535513 0.3448374 6.050387
-4.596664 4.091528 -2.660177 5.408634
1.388362 17.83992 14.15596 -2.348256
11.09473 20.6819 8.445494 -9.954689
6.538414 4.486332 -3.379309 5.593718
49.85759 1.95298 -1.118265 7.921442
21.94963 23.46502 1.062175 -13.23817
9.468788 14.61611 -12.60228 1.497737
-7.556772 19.98686 12.05681 -7.222573
10.41801 2.297048 -2.05096 7.552656
41.66817 2.78218 -1.282483 6.864577
62.34196 2.485614 -1.089416 8.119947
36.63035 2.066577 -1.289906 9.542371
15.30653 24.6725 15.3569 -9.679036
-0.4180282 13.53013 12.83814 4.229552
-29.85586 3.143649 -2.421307 9.753263
-33.26972 2.181564 -1.818442 8.642285
-12.05447 3.554333 2.887321 6.564628
21.49913 2.671456 -2.458317 8.86716
-32.86741 3.887431 -0.9724239 5.382999
27.56817 7.032126 3.541138 3.369755
-20.87258 1.841816 1.54335 7.738599
39.35681 1.688511 0.9901092 7.648993
-9.336415 5.696427 3.643421 4.219727
13.36636 3.036267 1.981995 6.309583
8.255355 15.46637 1.196272 -6.759286
3.328751 19.34936 3.546695 -10.48833
18.25939 2.045514 1.550609 9.670038
-30.08144 2.73762 -1.686977 6.83693
26.86824 1.741572 -1.243527 7.568761
-31.77639 2.792579 -0.7776146 6.25697
31.49651 2.669407 -2.230465 8.953637
26.71203 3.158869 -2.393833 7.006076
-35.80945 2.667106 0.3481433 6.365267
-3.384592 9.890578 -0.5254322 -1.359335
-7.46914 0.8336413 -0.7937756 8.73051
28.82909 3.092619 -1.745161 6.427595
-21.68871 13.71459 -2.882147 -3.913479
-14.08838 20.22767 -0.6834986 -11.10734
77.27907 3.420982 0.1044295 7.753964
19.22304 19.01947 11.28802 -5.468073
-15.10446 3.640042 -0.7511892 11.93306
-47.22239 21.14254 6.151488 -4.47465
6.219891 9.219801 3.706237 0.1172372
61.9672 2.479217 -0.9329643 7.801996
29.8317 3.542874 -2.168489 10.67796
14.80643 2.209832 2.10198 8.117748
2.784268 13.35536 2.762341 -4.550449
19.21481 1.140583 0.6852899 7.669097
1.213263 8.532166 0.1255306 -0.02932972
-1.821815 3.193151 3.19106 8.444827
4.70597 10.27759 0.7575722 -1.714892
-28.0744 0.2641111 -0.2006026 8.618592
58.93762 2.692409 0.3039935 9.855536
-2.918483 2.010661 -1.218747 6.904088
-26.11822 1.422247 0.1497206 7.231789
70.36843 2.888824 -0.325334 7.585591
4.219156 13.80648 3.039935 -4.929289
-63.90681 2.698537 0.8827381 7.70658
8.122308 0.7785827 -0.7690957 8.550814
4.710667 13.4765 9.719389 -0.7695586
34.15304 4.259851 1.80389 5.471299
60.36023 3.416038 1.545667 7.818139
-8.226769 7.095564 6.827173 10.14495
-8.471181 8.261659 -2.968657 0.8867945
-13.55814 11.96314 -1.534006 -3.028145
-10.55527 0.8471366 0.2860695 9.282127
-65.87813 3.174671 0.7521284 7.442832
-68.93442 1.681755 0.01370443 7.895672
10.0795 0.8432854 -0.468718 9.185311
5.172128 3.293183 1.537248 11.3972
-27.68472 2.646349 1.927751 7.167616
37.01582 3.126314 1.03206 6.227073
-8.947437 2.883932 -2.017202 6.488339
2.30651 6.635108 -2.87435 2.525767
9.243174 21.8025 19.02068 -1.564722
-78.75234 5.20518 0.6415995 9.286846
24.45847 3.997534 3.125487 6.636614
23.7762 0.8242271 -0.6406411 8.101872
31.38927 7.339427 -4.160409 3.815466
-15.65506 2.308899 -0.1118433 6.279567
-19.78501 0.6860912 -0.3030709 7.929969
0.2679469 9.712365 0.1523051 -1.211064
64.29059 2.228237 -0.4384465 7.638531
-0.7172654 19.2144 -0.2963645 -10.71061
28.45496 1.281573 1.109428 8.303196
73.63641 2.399311 -0.2126258 9.141651
13.57311 3.069208 -2.333313 10.35926
-13.36444 6.183399 5.378105 5.804144
10.30094 2.742528 1.893996 6.578091
-0.6095451 8.647998 -0.5354529 -0.1309155
-31.93148 0.8292785 0.5426266 8.051802
-0.6320799 2.524957 1.924155 6.865295
25.66218 4.684866 -4.137781 7.65708
-44.54641 2.055449 0.1879871 7.047229
56.60675 1.902055 -0.6542675 7.682782
-25.03084 4.606073 3.421313 6.109922
-1.341641 16.27713 5.288977 -6.889168
37.69178 3.579751 0.7343926 5.764156
-37.81946 3.709037 2.502447 6.976084
-13.48689 2.913947 2.334551 10.10596
-4.859034 3.171396 -1.909652 5.982298
-9.980342 9.024507 6.580555 2.525738
-2.528681 6.114737 -3.683855 3.626968
38.74673 3.988569 -1.554025 5.805214
-7.587659 3.535663 3.504472 8.459565
-0.2190589 1.852874 1.274769 7.15536
-79.47452 3.102674 -0.4317678 8.867164
-0.4274513 12.08758 -6.604506 -1.623336
31.09046 9.198067 -3.762162 1.579739
6.616245 3.308219 -1.203688 11.5578
63.88752 0.8296057 -0.2149777 8.795145
52.84998 2.119937 1.222777 8.120753
47.26514 3.987504 -2.47733 7.411431
3.366524 3.03244 -2.387587 6.638976
-42.1161 0.6726868 0.2684237 8.079357
-60.83562 2.04578 0.9773708 8.696576
-26.95764 2.214803 1.825248 7.747855
10.81284 8.814718 -4.313792 0.9929453
1.974173 2.861131 -1.355529 5.982283
-50.87117 3.746801 0.8955338 6.311671
-21.76104 2.672524 2.413975 9.077424
-3.105525 18.19061 15.23482 -1.390768
87.06779 2.054992 0.1029086 8.478543
17.13218 1.496256 -0.8709085 9.634033
0.1172477 10.92868 -9.6338 3.34002
-54.9549 2.979364 -1.507369 7.690852
44.39898 1.804384 -0.01642843 9.789101
3.267109 9.208516 -5.030754 0.8050097
54.91476 7.905848 -3.455235 5.548484
-2.731804 2.464286 1.083139 6.289634
20.53666 18.15489 -6.472341 -7.220896
6.165518 16.58313 -11.71855 -3.097561
-18.98777 3.120417 -2.885709 7.884455
56.92226 1.661997 -0.8422439 8.163225
32.66342 15.68513 11.68524 2.350448
-0.7669546 9.422661 1.623661 -0.7808599
7.103139 2.071149 1.948867 9.152674
-11.24682 10.5415 -7.547984 1.434302
20.15144 21.97493 19.2754 1.148456
-8.350735 2.960748 2.647376 7.245995
60.33375 0.6750106 0.09216437 8.821131
-10.95124 2.421675 1.962129 7.157276
-3.30218 15.99146 -8.963255 -4.711303
56.82259 1.158053 0.6200916 8.630743
-32.34416 13.95398 -9.880553 14.93084
-26.15982 1.452513 -1.260439 8.166829
77.99371 2.140515 -0.131128 8.074478
0.7986857 8.743985 -0.3006799 -0.2379636
-39.89169 1.613399 -0.5907327 7.412151
-39.03644 4.634912 0.7228619 4.973169
-23.47817 2.4789 -2.255806 8.215492
21.35719 3.308181 -1.395532 5.753172
2.44964 1.626211 1.624646 8.516021
-25.38148 10.02129 -4.229125 0.4944387
-18.3647 20.25637 -19.11897 6.486299
-35.93234 23.26998 16.41675 -0.7471337
-24.3135 3.275547 0.8385976 5.63519
26.98916 2.443979 -2.17291 8.353963
28.29682 1.454789 0.6207855 7.379531
-17.33638 14.41179 13.55386 10.85589
20.56396 2.250041 2.092696 8.257755
-29.53793 1.796216 1.122284 7.412479
-5.570766 19.1498 -12.5205 -5.869976
-3.016244 3.382151 2.968617 6.889227
1.555814 9.464497 -5.207246 0.6009333
47.60481 4.536271 -2.769786 9.79728
27.01129 1.91539 0.7671923 6.975729
-0.08135538 7.703919 0.6287197 0.8217865
1.420828 2.547913 -2.450719 9.194151
52.97132 2.399894 1.365109 8.974584
-13.25433 2.428856 1.347232 6.55727
0.9602928 0.9849367 0.9847983 8.4996
-0.1254866 11.92532 -4.681044 -2.468157
15.79685 1.568293 -1.506317 8.409005
-26.92124 2.593044 0.9002057 6.370414
-3.716178 1.614023 -0.1861093 6.900159
62.32074 3.795018 -1.264332 7.271519
12.3382 15.63088 4.597485 -6.061309
-12.17187 1.324332 0.2346153 7.226877
20.09548 3.8639 0.07552021 4.872115
-30.08792 1.594173 -1.36098 8.275517
-56.43978 1.8752 0.8366635 7.887949
-6.576083 1.811959 -1.359331 7.320019
7.714592 0.2807091 0.01885892 8.777528
15.51262 12.58463 -10.51544 14.53904
6.695691 10.75178 -10.19817 5.333543
28.05056 1.390248 -1.08229 9.077953
9.779555 13.51834 -0.8263328 -4.796245
69.86976 6.774474 -0.5737624 6.240231
0.2389749 10.26453 0.2682396 -1.760939
-6.993039 2.858256 2.819059 8.818497
-1.248177 1.132548 0.631393 7.560106
44.17164 1.020561 0.5999904 8.919333
22.09425 14.63235 11.36406 1.105862
0.894946 8.443213 -0.2690491 0.06210559
38.37751 3.195322 2.308526 7.527687
-30.6509 9.817114 -4.012216 1.068338
2.935233 1.774183 -1.538896 7.62178
-67.75325 2.771518 -0.3753739 7.520155
1.101729 9.539536 -0.3506721 -1.031324
-75.12017 1.341906 -0.0709729 8.162797
50.83044 2.646992 -1.565438 7.912967
-1.258833 8.679318 -0.2081232 -0.1747266
5.586157 7.811528 2.177103 1.036623
61.21698 2.15476 -0.2879859 7.503266
-0.04022519 4.21595 -2.365588 5.01027
38.69589 0.9149442 -0.695261 8.337094
-36.51836 3.464304 2.66891 7.707299
-1.990879 1.696844 -1.509047 7.72632
14.69882 2.509656 -2.358327 9.075464
-0.3027673 0.9908557 -0.9663479 8.71895
-24.34551 1.671707 1.316317 7.733841
-1.926331 4.097089 -0.1930647 4.409781
-20.83031 2.761542 2.404941 7.562965
-17.24 2.414683 -1.66135 6.900483
30.44069 18.44661 -12.40429 -1.453147
-1.074063 12.79447 -12.41627 5.421501
-22.35744 2.761792 1.807979 6.695818
52.62625 2.156473 -0.9793228 9.368573
60.15688 1.260365 -0.6136342 8.6297
12.19281 1.536083 1.142374 7.525688
13.14236 19.58414 -10.28952 -7.557277
4.826504 2.891112 2.616503 7.294485
-32.54453 4.109897 -2.859239 6.543537
-0.7624221 9.07422 -2.330375 -0.2690501
-44.87154 1.948238 -1.248115 9.090369
1.036336 1.982995 -1.559829 7.276106
0.7156374 2.503469 -2.386276 7.74365
-51.28274 0.5151601 -0.2259295 8.270256
1.371898 3.362839 -2.780721 6.61061
19.33402 0.9772069 -0.8788817 8.778979
0.1698511 7.395103 0.2233562 1.108303
2.07242 2.608005 0.9895837 6.088876
-1.722116 8.253282 -1.840481 0.4583724
-18.30259 2.989932 -2.583562 7.323869
60.96356 2.742155 -1.325768 8.617314
52.82318 3.290583 -1.633191 7.365754
-13.86765 9.957584 2.520284 -0.8330399
81.08979 3.232136 0.09623703 8.008723
-57.87055 1.805085 -0.900572 8.167464
-16.34202 25.05342 -21.90752 -1.401618
-28.86788 3.802504 2.334419 6.125279
45.58001 17.85544 4.769133 -3.051476
1.25487 8.212845 0.7303361 0.3216704
39.22898 1.141079 0.8336364 8.206158
-1.841789 1.391173 0.7753932 7.345821
-4.743978 0.8134399 -0.4698648 7.839405
-10.15894 3.184846 -2.473626 6.574159
0.2924414 2.854398 -0.2263507 5.654628
0.5325429 14.8619 9.457222 -2.963772
-1.736005 10.48682 4.603399 -0.9170719
-4.102065 8.872016 -3.365741 0.3157666
15.77098 2.763615 1.118523 6.087061
-1.684557 2.420433 -1.416398 6.538559
-3.223895 2.318525 -1.528917 6.761906
-3.748954 2.091768 1.893999 9.377245
26.12196 2.248547 1.753333 7.499155
15.55415 9.03876 -0.2330678 -0.2046178
20.78484 5.48723 -5.047988 9.414294
0.8156329 2.625167 2.480887 9.357499
27.37111 2.437458 0.06611936 6.336432
-2.215465 2.691775 1.907987 6.604106
-34.53672 1.899798 1.301182 9.36954
-10.89363 6.288367 -1.940115 2.637648
1.251394 1.771865 0.9020804 6.975448
0.2561489 0.8123953 0.6041187 7.956848
1.255122 3.249186 3.136724 9.344456
0.3951259 1.79578 -1.675185 7.85314
-12.81079 1.611502 1.240267 7.535119
33.5051 25.42034 19.66306 0.5847127
27.82606 13.53799 -8.403111 17.02821
-6.512582 1.541512 -1.397583 9.12646
-6.101522 11.06513 -10.91975 7.153503
67.28984 0.7176798 -0.2735213 8.54423
-0.112228 7.890425 -0.327881 0.6164052
22.2172 1.990893 -1.482378 7.404777
-27.11704 1.586311 -0.2558383 7.111432
80.32739 1.963694 0.2809769 8.327055
-24.59869 0.9284749 -0.4102413 7.762168
-4.219271 3.011754 -2.620884 7.032849
-0.2323587 8.404361 2.138333 0.3722914
34.01956 1.812159 0.4237418 7.05901
53.98357 9.361451 3.887796 4.602988
-1.899255 2.600254 -2.482501 7.731182
0.8421227 7.286023 3.750184 2.254139
78.31645 2.574409 -0.1673856 8.006268
4.540577 1.908859 -1.823525 7.956253
-76.16388 1.916474 0.09235747 8.948914
-86.81103 2.260447 -0.0947867 8.417369
-18.36914 1.531765 1.447383 8.635539
1.712506 6.071935 2.46188 2.952513
-39.36651 1.802323 1.021466 9.447696
9.882647 3.213304 3.158424 8.286634
29.70728 0.7842359 -0.5743609 8.133814
27.68236 35.99311 -15.64027 -19.272
7.288083 0.8360115 -0.6875987 8.963547
-15.42016 2.841522 -2.687731 7.971328
-61.25725 15.43775 7.414372 8.12854
9.005025 1.537672 -1.372268 7.849317
-7.166801 1.661881 1.643237 8.363492
2.375779 2.366769 2.206718 7.650078
-14.01031 18.70366 -17.1865 2.673527
-45.49178 2.143325 1.459504 8.856848
52.19667 0.690938 -0.2501133 8.841769
1.927296 16.45696 2.822379 -7.703685
-47.04203 1.436017 0.7701958 7.896313
-19.788 1.916876 -0.5190527 6.772611
-38.53017 9.611643 -2.784152 1.515457
54.65968 1.631785 -0.9411004 8.427661
-52.37831 2.548949 -1.5205 8.169551
34.30525 1.333305 -0.09573575 9.597204
-38.18074 4.036436 2.962964 7.365038
4.013167 2.678585 -2.647206 8.136718
-30.84417 0.6367656 -0.4090587 8.137292
-12.93849 0.9847252 -0.9479215 8.34995
-73.4316 1.673841 0.3728468 8.201986
0.2130161 10.00556 5.286067 0.004861461
60.51887 2.607384 -1.063533 9.217965
58.93589 17.57625 -4.463575 0.605157
9.975627 2.82772 -1.089115 5.936822
1.989611 7.816299 -3.566402 1.55006
7.195726 8.714875 0.828498 -0.1064513
1.007774 2.732989 2.295586 7.017704
32.71775 2.253559 1.118059 6.968717
-46.0248 1.557996 0.02238803 9.581558
-1.705049 9.569526 1.561247 -0.9370152
-31.36703 4.897974 -0.6729497 4.37236
4.483683 11.94636 -11.75664 6.596092
0.1617644 8.48509 0.957007 0.06908583
-7.475948 7.754402 0.8888344 0.8630638
8.597745 28.40725 4.003277 -19.30127
0.8513101 9.675555 0.8105613 -1.140471
18.62309 2.923627 2.769457 8.577655
77.9163 3.016579 0.08736683 9.125419
-9.887447 1.410392 -1.317916 8.940057
-2.805915 7.87762 -0.933717 0.6874229
86.36911 2.851172 0.06968006 8.666574
-4.11193 1.691643 1.567044 9.125551
-5.668521 2.141424 -1.220676 6.753315
27.12807 2.562874 -1.150936 6.530739
21.92288 19.19862 4.451788 -8.74497
14.61149 1.976866 1.780177 9.200198
25.98214 1.423806 -0.9498141 7.642092
2.037851 15.43535 11.09971 19.21193
13.82814 1.160178 -0.8116495 7.718753
-0.06483783 10.83424 -4.021711 -1.560141
17.61624 1.172395 -0.9930388 7.987662
-0.5195084 5.088838 -2.091262 3.860951
-0.5299697 10.09804 -1.653242 -1.461353
38.32903 1.552358 -1.211073 8.372498
-15.92671 7.8312 0.2144312 0.9724665
-34.21411 2.806034 -0.9784263 6.39594
-7.279793 28.05705 9.650478 -17.60415
-19.22498 2.34802 -0.8865537 6.467894
39.52349 1.466138 -0.9022389 9.181878
-49.61235 1.792247 1.128556 8.226188
-0.4627879 1.983917 1.918555 7.995205
29.26716 4.151789 -3.178827 6.76432
4.037686 6.963077 -1.402673 1.697311
25.02835 2.634553 -1.48487 6.630851
8.29305 19.6923 16.88046 18.23497
-5.993381 1.104134 -0.7706775 9.282226
32.90815 0.9294668 0.4578306 7.868097
12.5671 0.2714451 -0.2440228 8.396816
26.26228 1.548426 -1.077062 7.62357
-0.003191417 22.3946 -1.862269 -13.81704
-1.940055 2.532256 2.529984 8.435574
66.30707 3.220912 0.06930514 7.207582
2.946704 1.218623 1.090179 9.04095
4.772623 2.141605 1.175958 6.719033
6.039561 1.38508 -1.031163 7.586813
25.05895 2.773209 -0.1327558 5.991336
-8.716951 15.44956 13.17792 0.7832046
-11.62132 9.268913 4.055371 0.3771646
18.41313 3.148126 2.288212 6.58011
-61.72801 2.659378 0.1308917 9.752816
-11.11331 2.452835 -0.7044881 6.198572
