1     117.327   -0.074    0.0           0  *
2     108.172   -42.985   112.1       0  dmo+24 
3     119.660   10.463    0.0           0  *
4     100.291   -70.726   42.7        0  clh+20 
5     110.420   -69.815   120.0         0  pkj+21 

6     124.045   -13.017   46.5       19  whx+23 
7     125.465   -13.867   0.0           0  *
8     128.991   -49.305   44.4        3  dmo+24 
9     140.930   -76.815   61.0          0  pkj+21 
10    126.283   -3.457    8.3         0  lylg95 

11    134.030   -47.940   43.4        0  dmo+24 
12    297.691   -46.739   18.0       10  dsb+98 
13    230.251   -80.250   7.1         0  pkj+21 
14    134.381   -28.174   30.0          3  whx+23 
15    129.216   -4.044    9.6         0  lylg95 

16    160.368   -65.004   149.0         0  pkj+21 
17    179.306   -72.457   24.0          0  pkj+21 
18    130.719   3.084     0.0           0  *
19    258.595   -69.633   19.0          0  pkj+21 
20    137.686   -17.094   0.0          0  *

21    299.592   -34.606   129.0         0  pkj+21 
22    136.903   0.697     14.0        6  zyw+19 
23    269.862   -55.310   10.0          0  pkj+21 
24    158.436   -30.815   76.6        7  dmo+24 
25    168.499   -31.683   42.3       17  dmo+24 

26    227.758   -52.338   208.0         0  pkj+21 
27    197.397   -45.333   24.5        0  clh+20 
28    167.434   -23.384   102.8       0  dmo+24 
29    162.760   -16.006   0.0           0  *
30    156.112   -8.620    12.2        4  whx+23 

31    148.190   0.811     8.7         3  wys+24 
32    148.231   0.883     0.0           0  *
33    290.313   -35.907   27.0          0  pkj+21 
34    152.428   -3.177    24.3        6  whx+23 
35    197.504   -34.757   34.0          0  pkj+21 

36    228.347   -37.918   21.0          0  pkj+21 
37    211.075   -32.629   36.0          0  pkj+21 
38    217.078   -34.087   37.0          0  pkj+21 
39    152.617   7.547     28.9        2  whx+23 
40    201.444   -25.678   43.0          0  pkj+21 

41    160.363   3.077     23.9        4  whx+23 
42    249.515   -35.365   30.60       0  sjk+21 
43    180.376   -7.530    0.0           0  *
44    155.916   9.557     18.3       13  whx+23 
45    228.434   -30.543   13.0          0  pkj+21 

46    210.065   -21.582   26.3        0  clh+20 
47    184.557   -5.784    7.3         0  dmo+24 
48    287.161   -30.821   95.0          0  pkj+21 
49    179.719   -1.686    21.2        0  dmo+24 
50    165.073   7.827     0.0           0  *

51    282.148   -31.236   70.0          7  dsb+98 
52    184.363   -3.318    16.9        3  whx+23 
53    170.236   7.615     0.0           0  *
54    179.058   2.697     0.0           0  *
55    266.492   -29.343   95.0          0  tml93 

56    212.199   -13.481   24.0          0  pkj+21 
57    193.366   -1.569    30.2       10  whx+23 
58    175.442   9.080     26.7        9  dmo+24 
59    175.336   9.239     25.7       12  dmo+24 
60    206.246   -5.058    5.40       10  whx+23 

61    175.877   10.958    0.0           0  *
62    206.497   -4.459    0.0           0  *
63    213.792   -8.036    63.0          0  pkj+21 
64    204.166   -2.085    17.0          0  pkj+21 
65    203.902   -1.991    9.3         0  pkj+21 

66    202.190   -0.851    16.9        7  whx+23 
67    188.817   6.223     22.3        3  dmo+24 
68    211.220   -5.020    28.0        8  whx+23 
69    236.952   -16.758   122.0         0  pkj+21 
70    204.678   -1.238    0.0           0  *

71    201.219   0.450     19.5        2  whx+23 
72    205.093   -0.932    0.0           0  *
73    195.134   4.266     0.0           0  *
74    229.260   -12.968   70.0          0  pkj+21 
75    254.547   -21.547   37.0          0  pkj+21 

76    204.271   3.051     42.0          0  pkj+21 
77    204.233   3.277     32.9       14  whx+23 
78    214.538   -0.613    24.0          0  mss+20 
79    233.655   -8.982    29.0          0  pkj+21 
80    264.795   -21.141   10.2        0  jbo+09 

81    213.374   1.688     0.0           0  *
82    201.108   8.258     31.7        4  whx+23 
83    270.029   -20.899   9.5         0  pkj+21 
84    206.674   8.776     62.3        0  dmo+24 
85    238.934   -5.826    28.0          0  pkj+21 

86    231.473   -0.330    10.0          0  pkj+21 
87    240.079   -4.644    104.0         0  bjd+06 
88    230.392   1.424     18.0          0  pkj+21 
89    233.760   -0.341    25.0          0  pkj+21 
90    238.713   -2.030    58.0          0  pkj+21 

91    232.062   2.016     0.0           0  *
92    274.881   -19.153   0.0           0  *
93    237.685   -0.318    28.0          0  pkj+21 
94    245.236   -4.505    88.0          0  bjd+06 
95    254.193   -9.192    39.0          0  pkj+21 

96    243.773   -2.444    7.2         0  pkj+21 
97    241.334   -0.743    0.0           0  *
98    266.660   -14.283   30.0          0  qmlg95 
99    259.203   -10.103   68.0          0  pkj+21 
100   257.066   -8.349    27.0          0  pkj+21 

101   281.056   -20.048   0.0           0  *
102   234.464   7.224     11.0          0  pkj+21 
103   269.950   -13.239   0.0           0  *
104   230.070   11.196    15.8        0  clh+20 
105   253.331   -2.872    41.0          0  pkj+21 

106   268.726   -11.594   17.0          0  pkj+21 
107   256.134   -3.759    30.0          0  mss+20 
108   263.301   -7.957    25.0          0  pkj+21 
109   256.111   -2.811    47.0          0  pkj+21 
110   249.983   2.908     84.0          0  pkj+21 

111   251.358   1.875     42.0          0  pkj+21 
112   235.890   12.595    34.0          0  pkj+21 
113   256.523   -1.032    13.0          0  pkj+21 
114   257.261   -1.583    106.0         0  pkj+21 
115   258.749   -2.734    175.0         0  pkj+21 

116   259.825   -3.137    23.0          0  pkj+21 
117   221.988   21.245    40.1        0  dmo+24 
118   253.965   2.561     913.0         0  mss+20 
119   262.285   -2.694    16.0          0  pkj+21 
120   260.886   -1.036    0.0           0  *

121   257.076   1.990     11.0          0  pkj+21 
122   263.552   -2.787    3.8         0  pkj+21 
123   261.537   -1.107    25.910     10  bsb+19 
124   247.575   9.775     0.0           0  *
125   260.904   -0.336    18.0          0  hfs+04 

126   248.807   8.981     36.0          0  pkj+21 
127   259.606   0.928     0.0           0  *
128   270.774   -7.143    32.0          0  pkj+21 
129   267.182   -4.101    13.0          0  pkj+21 
130   268.496   -4.898    11.0          0  pkj+21 

131   257.190   4.710     75.0          0  pkj+21 
132   263.444   0.158     82.0          0  pkj+21 
133   279.433   -12.171   24.0          0  pkj+21 
134   256.847   7.517     29.0          0  pkj+21 
135   266.967   -1.004    0.0           0  *

136   267.116   -1.193    24.0          0  pkj+21 
137   278.575   -10.427   38.0          0  pkj+21 
138   265.457   0.822     18.0          0  pkj+21 
139   267.404   -0.004    35.0          0  pkj+21 
140   280.390   -11.082   28.0          0  pkj+21 

141   265.074   2.859     31.0          0  pkj+21 
142   289.738   -18.320   30.0          0  pkj+21 
143   267.239   1.010     190.0         0  pkj+21 
144   271.633   -2.854    11.0          0  pkj+21 
145   278.222   -8.816    13.0          0  pkj+21 

146   272.151   -3.031    23.0          0  pkj+21 
147   246.119   19.850    22.0          0  pkj+21 
148   270.265   -1.019    4.4         0  pkj+21 
149   287.728   -16.256   84.0          0  pkj+21 
150   263.165   6.584     45.0          0  pkj+21 

151   279.687   -7.774    44.0          0  pkj+21 
152   225.420   36.392    25.4        0  dmo+24 
153   272.237   0.160     26.0          0  pkj+21 
154   274.712   -1.930    23.0          0  pkj+21 
155   278.394   -5.595    82.0          0  pkj+21 

156   261.277   14.069    41.0          0  ebvb01 
157   275.885   -1.375    93.0          0  lfl+06 
158   268.361   7.411     27.0          0  pkj+21 
159   275.690   -0.700    42.0          0  pkj+21 
160   277.510   -1.292    10.0          0  pkj+21 

161   276.446   0.092     24.0          0  pkj+21 
162   278.569   -2.232    46.0          0  pkj+21 
163   279.345   -2.990    13.0          0  pkj+21 
164   180.437   49.375    65.0       12  whx+23 
165   249.129   28.843    11.0          0  pkj+21 

166   274.199   3.674     11.0          0  pkj+21 
167   287.826   -11.702   15.0          0  pkj+21 
168   268.701   12.033    70.0          0  pkj+21 
169   228.908   43.697    21.0          0  pkj+21 
170   278.998   -0.101    18.0          0  pkj+21 

171   278.264   1.159     30.0          0  pkj+21 
172   279.448   0.227     6.4         0  pkj+21 
173   275.742   5.418     120.0         0  pkj+21 
174   278.107   2.603     8.7         0  pkj+21 
175   280.226   0.085     27.0          0  pkj+21 

176   280.691   -0.648    55.0          0  pkj+21 
177   282.945   -3.548    136.0         0  pkj+21 
178   280.901   -0.503    0.0           0  *
179   282.829   -3.224    69.1        0  ncb+15 
180   276.037   6.117     17.0          0  pkj+21 

181   285.550   -6.029    26.0          3  dsb+98 
182   283.459   -1.762    0.0           0  *
183   283.707   -2.146    22.0          0  pkj+21 
184   284.130   -2.596    36.0          0  pkj+21 
185   283.088   -0.578    63.0          0  pkj+21 

186   281.201   2.450     16.0          0  pkj+21 
187   283.708   -1.363    0.0           0  *
188   284.079   -1.880    0.0           0  *
189   198.432   56.273    198.0         4  whx+23 
190   282.732   0.341     13.0          0  pkj+21 

191   258.261   32.610    49.0          0  pkj+21 
192   283.837   -0.679    0.0           0  *
193   284.719   -1.944    34.0          0  pkj+21 
194   285.302   -2.848    26.0          0  lfl+06 
195   283.041   0.935     0.0           0  *

196   284.347   -0.834    0.0           0  *
197   284.166   -0.407    0.0           0  *
198   285.065   -0.496    0.0           0  *
199   286.880   -2.881    0.0           0  *
200   282.354   5.128     68.0          0  pkj+21 

201   285.920   -1.010    17.0          0  hfs+04 
202   272.050   22.117    306.0         0  pkj+21 
203   288.528   -4.765    13.0          0  pkj+21 
204   281.519   7.727     17.0          0  pkj+21 
205   289.766   -6.630    16.0          0  pkj+21 

206   286.284   -0.023    21.0          0  pkj+21 
207   265.591   33.590    62.0          0  pkj+21 
208   285.192   2.998     38.0          0  pkj+21 
209   288.221   -2.106    12.0          0  pkj+21 
210   286.574   1.163     0.0           0  *

211   246.412   51.697    69.6        0  dmo+24 
212   287.065   0.733     14.0          0  pkj+21 
213   273.495   25.127    43.0          0  pkj+21 
214   291.314   -7.132    11.0          0  pkj+21 
215   287.427   0.577     13.0          0  pkj+21 

216   287.473   0.485     409.0         0  pkj+21 
217   287.628   0.649     54.0          0  pkj+21 
218   288.549   -0.400    0.0           0  *
219   290.294   -3.881    0.0           0  *
220   288.729   -0.100    6.1         0  pkj+21 

221   288.701   -0.174    29.0          0  tjb+13 
222   290.889   -4.784    34.0          0  pkj+21 
223   289.109   -0.650    0.0           0  *
224   289.133   -0.745    9.0         0  pkj+21 
225   290.081   -2.660    14.0          0  kbm+03 

226   292.879   -8.504    83.0          0  pkj+21 
227   287.835   2.311     0.0           0  *
228   290.292   -2.966    36.0          0  pkj+21 
229   284.007   10.739    0.0           0  *
230   285.984   6.649     18.0          0  pkj+21 

231   288.609   0.805     0.0           0  *
232   297.571   -17.574   42.0          0  pkj+21 
233   289.241   -0.123    21.0          0  pkj+21 
234   288.345   1.948     31.0          0  pkj+21 
235   289.994   -0.294    8.9         0  pkj+21 

236   290.331   -0.828    14.0          0  pkj+21 
237   283.486   14.947    23.923      5  bsb+19 
238   290.239   -0.399    0.0           0  *
239   290.489   -0.846    4.1         0  pkj+21 
240   291.992   -4.031    42.0          0  pkj+21 

241   290.249   0.515     80.0          0  tml93 
242   290.921   -1.316    50.0          0  kbm+03 
243   289.279   3.533     28.0          0  pkj+21 
244   291.022   -0.109    0.0           0  *
245   291.221   -0.462    0.0           0  *

246   293.190   -5.233    21.0          0  pkj+21 
247   294.423   -8.216    35.0          0  pkj+21 
248   291.443   -0.321    67.0          0  pkj+21 
249   267.553   46.226    0.0           0  *
250   291.565   -0.126    10.0          0  mlc+01 

251   284.451   18.069    20.0          0  pkj+21 
252   292.102   -1.028    26.0          0  pkj+21 
253   293.167   -3.719    0.0           0  *
254   292.151   -0.537    56.0          0  pkj+21 
255   290.082   5.873     26.0          0  pkj+21 

256   288.295   11.610    13.0          0  pkj+21 
257   292.509   0.049     24.0          0  pkj+21 
258   293.183   -1.783    14.0          0  pkj+21 
259   294.469   -5.442    23.0          2  dsb+98 
260   292.038   1.752     0.0           0  *

261   293.747   -3.036    0.0           0  *
262   292.833   0.292     9.3         0  pkj+21 
263   295.631   -8.048    25.0          0  pkj+21 
264   293.495   -0.972    0.0           0  *
265   292.755   1.830     0.0           0  *

266   295.484   -6.431    64.0          0  pkj+21 
267   289.177   13.736    28.0          0  pkj+21 
268   292.110   4.741     6.3         0  pkj+21 
269   294.213   -1.296    349.0         0  pkj+21 
270   293.794   0.584     0.0           0  *

271   292.308   5.890     26.0          0  pkj+21 
272   295.241   -3.710    35.8        0  ccb+20 
273   295.793   -5.167    118.0         0  pkj+21 
274   294.506   -0.463    0.0           0  *
275   294.758   -1.067    0.0           0  *

276   285.746   29.393    26.0          0  pkj+21 
277   286.586   27.272    22.0          0  pkj+21 
278   295.791   -3.863    15.0          0  pkj+21 
279   295.110   -0.675    37.0          0  pkj+21 
280   292.383   9.492     18.0          0  pkj+21 

281   293.334   5.993     21.0          0  pkj+21 
282   295.186   -0.438    31.0          0  pkj+21 
283   294.977   1.343     14.0          0  pkj+21 
284   294.507   4.418     68.0          0  lfl+06 
285   296.177   -2.214    0.0           0  *

286   295.814   0.909     13.55       0  sjk+21 
287   295.126   3.961     0.0           0  *
288   295.716   1.843     19.0          0  pkj+21 
289   296.467   -0.681    0.0           0  *
290   295.448   4.949     17.0          0  hfs+04 

291   295.912   2.966     20.0          3  dsb+98 
292   296.705   -0.199    38.0          0  pkj+21 
293   297.295   -1.866    245.0         0  pkj+21 
294   300.412   -16.551   20.0          0  pkj+21 
295   297.309   -0.793    0.0           0  *

296   296.528   3.919     15.0          0  pkj+21 
297   297.411   -0.349    0.0           0  *
298   298.684   -6.237    12.0          0  pkj+21 
299   294.817   17.040    0.0           0  *
300   297.990   -0.178    0.0           0  *

301   297.136   6.421     6.8         0  pkj+21 
302   298.395   -0.859    116.0       0  ccb+20 
303   298.774   -3.292    75.0          0  pkj+21 
304   298.470   -0.888    22.0          0  pkj+21 
305   298.065   4.012     17.0          0  pkj+21 

306   297.459   9.009     52.0          0  pkj+21 
307   298.920   0.202     0.0           0  *
308   299.444   -0.652    77.0          0  pkj+21 
309   299.102   5.020     17.0          0  pkj+21 
310   299.818   0.565     21.0          0  mlc+01 

311   299.984   -1.415    8.2         0  pkj+21 
312   299.313   6.746     31.0          0  pkj+21 
313   299.748   2.117     8.0         0  pkj+21 
314   300.131   -1.414    21.0          0  pkj+21 
315   296.908   30.200    91.0          0  pkj+21 

316   299.379   16.573    53.0          0  pkj+21 
317   299.668   11.526    0.0           0  *
318   300.644   -0.273    0.0           0  *
319   300.865   -2.404    0.0           0  *
320   299.604   15.034    344.0         0  pkj+21 

321   300.915   -0.406    0.0           0  *
322   300.968   -0.945    0.0           0  *
323   301.231   -1.088    0.0           0  *
324   295.065   60.650    113.0         7  whx+23 
325   300.584   12.246    16.0          0  pkj+21 

326   301.584   -4.591    39.0          0  pkj+21 
327   295.640   66.141    0.0           0  *
328   301.879   -5.693    38.0          0  pkj+21 
329   300.688   21.409    9.5         0  pkj+21 
330   301.876   5.260     74.0          0  kbm+03 

331   302.051   -1.532    8.0         0  pkj+21 
332   300.593   44.635    0.0           0  *
333   301.764   11.966    0.0           0  *
334   302.227   -2.658    0.0           0  *
335   302.233   0.215     76.0          0  pkj+21 

336   302.637   -0.866    0.0           0  *
337   302.623   -1.863    62.0          0  pkj+21 
338   302.771   -2.251    0.0           0  *
339   302.963   -11.249   9.9         0  pkj+21 
340   303.075   -0.371    40.0          0  pkj+21 

341   303.200   4.526     12.0          0  pkj+21 
342   303.298   1.022     0.0           0  *
343   303.466   1.348     19.0          0  pkj+21 
344   305.205   52.395    32.0          0  pkj+21 
345   303.688   -4.834    26.0          0  pkj+21 

346   303.848   -3.182    96.3        0  ccb+20 
347   304.100   -0.244    0.0           0  *
348   304.064   -0.328    0.0           0  *
349   304.157   -0.379    0.0           0  *
350   304.184   -0.992    30.1        0  mj95 

351   304.240   -0.241    72.0          0  pkj+21 
352   304.561   0.772     31.0          0  pkj+21 
353   304.526   -0.116    0.0           0  *
354   304.410   -2.093    49.0          0  pkj+21 
355   304.686   0.119     0.0           0  *

356   304.462   -3.463    58.0          0  pkj+21 
357   304.781   -0.497    0.0           0  *
358   306.008   15.927    62.0          0  pkj+21 
359   305.130   4.062     13.0          0  pkj+21 
360   304.867   -1.462    0.0           0  *

361   304.758   -2.628    0.0           0  *
362   310.723   50.095    11.0          0  pkj+21 
363   305.994   8.704     40.0          0  pkj+21 
364   306.010   7.464     35.0          0  pkj+21 
365   305.195   -1.235    50.0          0  pkj+21 

366   305.710   1.727     86.0          0  kbm+03 
367   305.848   0.191     180.0         0  cmk01 
368   306.428   4.701     0.0           0  *
369   305.908   -0.328    25.0          0  pkj+21 
370   306.314   1.742     12.0          0  pkj+21 

371   306.311   1.597     27.0          0  pkj+21 
372   307.305   8.637     15.0          0  pkj+21 
373   306.778   3.265     21.0          0  pkj+21 
374   306.489   -0.041    13.0          0  pkj+21 
375   306.367   -0.828    0.0           0  *

376   306.859   0.851     0.0           0  *
377   306.638   -0.404    0.0           0  *
378   307.504   3.565     23.0          0  pkj+21 
379   306.748   -1.534    43.0          0  pkj+21 
380   306.310   -4.369    55.0          0  pkj+21 

381   307.074   0.204     18.0          0  pkj+21 
382   306.966   -0.429    19.0          0  pkj+21 
383   306.836   -1.403    120.0         0  mlc+01 
384   309.874   18.415    18.0          0  pkj+21 
385   309.122   13.066    66.0          0  pkj+21 

386   307.334   0.567     0.0           0  *
387   308.985   9.649     43.0          0  tjb+13 
388   313.396   31.490    110.0         0  mss+20 
389   311.478   17.412    0.0           0  *
390   308.095   -0.696    0.0           0  *

391   308.372   0.306     196.0         0  pkj+21 
392   307.786   -3.889    35.0          0  pkj+21 
393   308.047   -2.557    20.0          0  pkj+21 
394   309.035   1.888     18.0          0  pkj+21 
395   308.730   -0.035    28.0          0  pkj+21 

396   309.794   3.234     23.8        0  ccb+20 
397   309.341   1.216     0.0           0  *
398   309.414   0.928     33.0          0  pkj+21 
399   312.059   12.594    18.0          0  pkj+21 
400   309.914   2.318     20.0          0  pkj+21 

401   309.353   -0.962    0.0           0  *
402   309.813   0.587     15.0          0  pkj+21 
403   312.233   10.549    7.5         0  pkj+21 
404   309.734   -0.343    0.0           0  *
405   308.614   -5.866    41.0          0  pkj+21 

406   310.070   -0.832    0.0           0  *
407   312.951   9.713     13.0          0  pkj+21 
408   311.425   4.022     57.0          0  lfl+06 
409   311.069   2.431     45.0          0  pkj+21 
410   312.199   6.337     31.0          0  pkj+21 

411   309.923   -2.514    31.0          0  lfl+06 
412   311.062   1.400     0.0           0  *
413   311.239   1.126     5.4         0  pkj+21 
414   310.569   -2.139    17.0          0  pkj+21 
415   314.434   10.906    62.0          0  pkj+21 

416   310.929   -1.423    34.0          0  pkj+21 
417   307.096   -14.493   69.0          0  pkj+21 
418   355.078   67.115    60.0          3  whx+23 
419   312.971   4.737     22.0          0  pkj+21 
420   317.299   18.224    0.0           0  *

421   312.673   3.345     0.0           0  *
422   311.841   0.203     0.0           0  *
423   312.130   0.681     0.0           0  *
424   311.810   -0.354    0.0           0  *
425   309.574   -8.031    31.0          0  tjb+13 

426   312.195   -0.092    0.0           0  *
427   312.597   0.140     21.0          0  pkj+21 
428   312.324   -0.366    32.0          0  pkj+21 
429   312.462   -0.337    57.0          0  jw06 
430   312.373   -0.736    0.0           0  *

431   312.241   -0.988    55.0          0  pkj+21 
432   312.053   -1.718    8.5         0  pkj+21 
433   310.590   -6.420    176.0         0  pkj+21 
434   311.234   -4.846    14.0          0  pkj+21 
435   316.504   10.055    25.0          0  tjb+13 

436   313.179   0.535     19.0          0  pkj+21 
437   320.820   20.461    53.0          4  dsb+98 
438   313.706   1.287     0.0           0  *
439   313.325   0.135     0.0           0  *
440   315.793   6.360     30.0          0  pkj+21 

441   313.541   0.227     15.0          0  pkj+21 
442   313.521   -0.655    0.0           0  *
443   310.736   -8.430    23.0          0  pkj+21 
444   315.718   4.614     34.0          0  pkj+21 
445   314.897   2.310     21.0          0  pkj+21 

446   312.741   -3.561    89.0          0  pkj+21 
447   315.382   3.186     12.0          0  pkj+21 
448   315.217   2.613     0.0           0  *
449   313.630   -1.258    16.0          0  pkj+21 
450   321.480   17.391    23.0          0  pkj+21 

451   316.427   4.796     22.0          0  pkj+21 
452   315.261   1.299     0.0           0  *
453   315.046   0.947     0.0           0  *
454   316.036   3.127     39.8        0  ccb+20 
455   312.653   -5.404    24.0          0  pkj+21 

456   318.936   9.155     646.0         0  pkj+21 
457   315.092   -0.197    0.0           0  *
458   315.645   0.563     55.6        0  ccb+20 
459   315.396   0.256     0.0           0  *
460   315.310   -0.130    0.0           0  *

461   315.577   0.391     34.0          0  pkj+21 
462   315.101   -1.422    0.0           0  *
463   314.646   -3.384    21.0          0  pkj+21 
464   315.646   -1.505    0.0           0  *
465   320.135   7.717     85.0          0  pkj+21 

466   316.791   0.098     79.0          0  mlc+01 
467   316.400   -0.544    0.0           0  *
468   317.793   1.548     0.0           0  *
469   317.720   0.664     27.0          0  kbm+03 
470   318.087   0.398     0.0           0  *

471   317.296   -1.169    16.0          0  pkj+21 
472   315.733   -4.427    7.9         0  pkj+21 
473   313.868   -8.543    26.0          0  pkj+21 
474   322.134   6.722     85.0          0  tml93 
475   318.561   -0.027    0.0           0  *

476   318.538   -0.037    14.0          0  pkj+21 
477   317.886   -1.791    0.0           0  *
478   356.582   48.051    13.1        9  whx+23 
479   320.181   1.810     0.0           0  *
480   79.306    57.626    41.06       0  ccl+21 

481   320.186   1.505     14.0          0  hfs+04 
482   319.395   0.133     0.0           0  *
483   317.921   -2.483    58.0          0  pkj+21 
484   320.671   1.849     21.0          0  pkj+21 
485   320.328   1.318     60.3        0  ccb+20 

486   327.339   12.459    8.4         0  pkj+21 
487   320.118   0.258     64.5        0  ccb+20 
488   315.858   -7.297    5.2         0  pkj+21 
489   319.972   -0.621    0.0           0  *
490   319.228   -1.815    0.0           0  *

491   327.586   11.729    100.0         0  tml93 
492   322.598   3.177     7.0         0  pkj+21 
493   320.289   -0.508    46.0          0  pkj+21 
494   322.486   2.920     145.0         0  pkj+21 
495   320.772   -0.108    15.0          0  pkj+21 

496   321.097   0.105     30.0          0  pkj+21 
497   320.321   -1.162    37.0          0  pkj+21 
498   319.970   -1.697    0.0           0  *
499   319.753   -2.091    64.2        0  ccb+20 
500   325.872   7.835     12.0          0  pkj+21 

501   320.284   -1.482    0.0           0  *
502   321.389   0.281     0.0           0  *
503   328.850   11.463    22.0          0  pkj+21 
504   327.399   9.217     26.0          0  pkj+21 
505   331.368   14.715    55.0          0  pkj+21 

506   323.383   2.675     0.0           0  *
507   321.800   -0.238    82.0          0  lfl+06 
508   319.876   -3.216    40.0          0  pkj+21 
509   318.743   -4.895    39.0          0  pkj+21 
510   323.231   1.397     30.0          0  pkj+21 

511   322.052   -0.415    0.0           0  *
512   321.630   -1.215    27.0          0  pkj+21 
513   336.517   20.172    97.0          0  mss+20 
514   323.000   0.351     17.0          0  pkj+21 
515   322.568   -0.186    40.0          0  pkj+21 

516   321.907   -1.201    0.0           0  *
517   324.258   2.078     11.0          0  pkj+21 
518   323.286   0.565     0.0           0  *
519   323.136   0.093     0.0           0  *
520   333.050   14.020    65.0          0  mss+20 

521   323.638   0.590     39.0          0  pkj+21 
522   332.106   12.671    14.0          0  pkj+21 
523   323.796   0.579     110.0         0  ncb+15 
524   322.166   -1.752    0.0           0  *
525   325.006   2.009     0.0           0  *

526   323.678   0.173     0.0           0  *
527   325.328   2.347     16.0          0  pkj+21 
528   319.506   -6.101    30.0          0  pkj+21 
529   333.147   13.113    12.0          0  pkj+21 
530   323.897   0.033     8.3         0  pkj+21 

531   325.780   2.434     0.0           0  *
532   331.161   9.261     178.0         0  tjb+13 
533   325.715   1.944     48.0          0  pkj+21 
534   325.463   1.483     20.0          0  pkj+21 
535   333.175   11.821    22.0          0  pkj+21 

536   331.447   9.324     130.0         0  pkj+21 
537   325.194   0.757     0.0           0  *
538   322.797   -2.406    10.0          0  pkj+21 
539   336.554   15.841    97.0          0  pkj+21 
540   325.374   0.980     66.0          0  mlc+01 

541   322.722   -2.734    0.0           0  *
542   328.704   5.181     32.0          0  pkj+21 
543   327.088   3.035     45.0          0  pkj+21 
544   324.283   -0.943    0.0           0  *
545   37.318    52.391    121.3       7  dmo+24 

546   325.645   0.679     0.0           0  *
547   325.219   0.134     0.0           0  *
548   324.912   -0.299    0.0           0  *
549   324.608   -0.703    60.6        0  ncb+15 
550   324.378   -0.871    0.0           0  *

551   323.865   -1.617    12.0          0  pkj+21 
552   323.672   -1.843    145.0         0  kbm+03 
553   329.428   5.541     44.0          0  pkj+21 
554   325.256   0.077     0.0           0  *
555   324.621   -0.806    19.0          0  pkj+21 

556   320.488   -6.390    83.0          0  pkj+21 
557   324.109   -1.891    27.0          0  mlc+01 
558   325.424   -0.337    0.0           0  *
559   328.567   3.577     11.0          0  pkj+21 
560   327.913   2.827     59.0          0  hfs+04 

561   327.073   1.578     71.0          0  pkj+21 
562   0.566     36.608    17.0          0  pkj+21 
563   328.925   3.725     0.0           0  *
564   326.025   -0.044    52.0          0  pkj+21 
565   359.916   35.859    0.0           0  *

566   327.271   1.320     11.0          0  pkj+21 
567   327.469   1.301     18.0          0  pkj+21 
568   324.663   -2.601    61.0          0  pkj+21 
569   324.167   -3.243    42.0          0  kbm+03 
570   329.956   3.900     18.0          0  pkj+21 

571   325.858   -1.359    22.0          0  pkj+21 
572   330.495   4.305     12.0          0  pkj+21 
573   325.198   -2.420    0.0           0  *
574   328.144   1.198     23.0          0  pkj+21 
575   327.780   0.737     0.0           0  *

576   333.610   7.454     76.0          0  pkj+21 
577   328.033   0.669     0.0           0  *
578   322.300   -6.350    6.6         0  pkj+21 
579   327.186   -0.901    130.0         0  tml93 
580   329.006   1.194     0.0           0  *

581   327.087   -1.175    0.0           0  *
582   348.441   22.500    27.0          0  pkj+21 
583   342.699   16.757    33.0          0  pkj+21 
584   328.117   -0.436    0.0           0  *
585   335.273   7.952     17.0          0  pkj+21 

586   329.563   1.131     63.5        0  ccb+20 
587   328.100   -0.870    0.0           0  *
588   325.731   -3.604    22.0          0  pkj+21 
589   334.540   6.367     17.0          0  pkj+21 
590   327.236   -2.025    24.0          0  hfs+04 

591   330.690   1.631     13.0          0  pkj+21 
592   325.971   -3.697    23.0          0  pkj+21 
593   325.057   -4.798    146.0         0  lfl+06 
594   329.448   0.065     0.0           0  *
595   328.935   -0.628    0.0           0  *

596   331.374   2.070     0.0           0  *
597   330.688   1.285     26.0          0  pkj+21 
598   348.375   19.985    11.0          0  pkj+21 
599   347.126   18.767    32.0          0  pkj+21 
600   341.218   12.526    15.0          0  pkj+21 

601   329.402   -0.533    45.9        0  ccb+20 
602   326.884   -3.309    7.3         0  pkj+21 
603   344.122   15.317    0.0           0  *
604   333.399   3.814     21.0          0  pkj+21 
605   332.152   2.442     12.0          0  pkj+21 

606   316.670   -14.554   33.0          0  pkj+21 
607   330.201   0.031     0.0           0  *
608   329.732   -0.484    78.0          0  pkj+21 
609   10.715    35.466    17.0          0  pkj+21 
610   330.884   0.213     0.0           0  *

611   321.953   -9.486    16.0          0  pkj+21 
612   354.073   23.178    26.8        0  jbo+09 
613   334.760   3.986     7.1         0  pkj+21 
614   330.867   -0.179    0.0           0  *
615   332.278   1.050     155.0         0  pkj+21 

616   330.212   -1.061    0.0           0  *
617   10.680    34.266    0.0           0  *
618   333.621   2.421     0.0           0  *
619   332.590   1.141     57.0          0  pkj+21 
620   330.923   -0.482    2.8         0  pkj+21 

621   351.011   19.446    31.8        0  jbo+09 
622   332.295   0.663     50.4        0  ccb+20 
623   331.400   -0.187    0.0           0  *
624   327.008   -4.952    17.0          0  pkj+21 
625   334.573   2.835     14.0          0  pkj+21 

626   331.197   -0.784    0.0           0  *
627   330.962   -1.088    0.0           0  *
628   340.628   8.788     44.726      6  bsb+19 
629   340.004   8.205     27.0          0  pkj+21 
630   332.206   0.172     37.0          0  hfs+04 

631   331.619   -0.576    0.0           0  *
632   330.040   -2.247    0.0           0  *
633   347.387   15.056    63.4        0  lylg95 
634   332.909   0.654     61.8        0  ccb+20 
635   331.765   -0.539    0.0           0  *

636   329.578   -2.768    15.0          0  pkj+21 
637   329.039   -3.464    22.0          0  pkj+21 
638   332.827   0.289     20.5        0  ncb+15 
639   332.226   -0.337    0.0           0  *
640   331.524   -1.038    0.0           0  *

641   25.392    39.172    0.0           0  *
642   338.524   5.924     80.0          0  pkj+21 
643   335.842   3.139     17.0          0  pkj+21 
644   332.499   -0.275    11.0          0  kcm+98 
645   335.037   2.184     15.0          0  pkj+21 

646   63.369    45.508    0.0           0  *
647   333.888   0.408     0.0           0  *
648   330.467   -2.943    0.0           0  *
649   333.084   -0.490    42.0          0  pkj+21 
650   331.718   -2.045    35.0          0  pkj+21 

651   342.322   8.419     48.0          0  tjb+13 
652   338.332   4.340     41.0          0  pkj+21 
653   338.122   4.198     15.0          0  pkj+21 
654   335.138   1.171     43.0          0  pkj+21 
655   334.534   0.732     42.3        0  ncb+15 

656   333.911   -0.013    0.0           0  *
657   5.297     27.178    19.0          0  pkj+21 
658   338.890   4.620     29.0          0  hfs+04 
659   334.003   -0.214    31.0          0  mlc+01 
660   333.716   -0.307    0.0           0  *

661   340.558   6.149     0.0           0  *
662   338.069   3.677     51.0          0  pkj+21 
663   336.616   2.265     197.0         0  lfl+06 
664   335.874   1.393     0.0           0  *
665   340.609   5.932     150.0         0  pkj+21 

666   334.690   0.145     0.0           0  *
667   334.578   0.041     23.0          0  tjb+13 
668   337.346   2.367     24.0          0  pkj+21 
669   335.530   0.636     0.0           0  *
670   322.214   -11.901   22.0          0  pkj+21 

671   336.352   1.250     23.0          0  lfl+06 
672   335.137   0.150     170.0         0  cmk01 
673   330.074   -4.756    24.0          0  pkj+21 
674   335.766   0.461     255.0         0  mlc+01 
675   335.488   0.180     0.0           0  *

676   344.280   8.198     41.0          0  tjb+13 
677   342.889   7.006     14.0          0  pkj+21 
678   352.321   15.061    0.0           0  *
679   336.498   0.787     19.0          0  pkj+21 
680   336.403   0.562     0.0           0  *

681   28.902    36.750    0.0           0  *
682   340.596   4.332     28.0          0  lfl+06 
683   338.343   2.002     0.0           0  *
684   337.527   1.100     42.0          0  pkj+21 
685   336.296   0.080     0.0           0  *

686   336.080   -0.209    0.0           0  *
687   338.725   1.982     30.0          0  pkj+21 
688   336.290   -0.110    0.0           0  *
689   334.698   -1.569    21.0          0  pkj+21 
690   340.542   3.540     82.2        0  ccb+20 

691   334.171   -2.290    39.0          0  lfl+06 
692   330.090   -6.066    16.0          0  pkj+21 
693   41.998    39.747    70.8        3  dmo+24 
694   2.058     21.078    262.0       0  jbo+09 
695   338.731   1.475     0.0           0  *

696   335.391   -1.570    95.0          0  pkj+21 
697   327.747   -8.313    33.0          0  pkj+21 
698   353.120   14.036    13.0          0  pkj+21 
699   339.180   1.799     0.0           0  *
700   336.700   -0.515    0.0           0  *

701   335.641   -1.561    0.0           0  *
702   340.182   2.300     0.0           0  *
703   339.249   1.476     107.0         0  lfl+06 
704   338.478   0.761     5.9         0  pkj+21 
705   337.788   0.312     0.0           0  *

706   337.304   -0.117    0.0           0  *
707   336.710   -0.831    0.0           0  *
708   63.774    41.866    23.9       15  whx+23 
709   344.264   5.764     70.0          0  pkj+21 
710   343.005   4.744     0.0           0  *

711   341.007   2.924     44.0          3  bsb+19 
712   340.191   2.081     0.0           0  *
713   339.768   1.730     0.0           0  *
714   338.343   0.543     0.0           0  *
715   337.364   -0.296    132.0         0  lfl+06 

716   333.702   -3.740    29.0          0  pkj+21 
717   340.023   1.875     35.0          0  kbm+03 
718   338.500   0.459     17.0          0  pkj+21 
719   338.114   -0.215    0.0           0  *
720   337.713   -0.439    81.0          0  pkj+21 

721   335.829   -2.218    0.0           0  *
722   355.831   14.714    90.0          0  ebvb01 
723   333.291   -4.557    0.0           0  *
724   31.260    34.360    43.5        6  dmo+24 
725   339.728   0.547     19.0          0  lfl+06 

726   339.492   0.406     0.0           0  *
727   339.115   0.105     28.0          0  pkj+21 
728   339.193   -0.195    13.32       3  zyw+19 
729   338.435   -0.808    0.0           0  *
730   14.114    26.062    7.9         0  pkj+21 

731   0.350     16.664    0.0           0  *
732   341.603   1.374     0.0           0  *
733   341.105   0.968     70.0          0  cmk01 
734   335.276   -3.929    24.0          0  lfl+06 
735   321.842   -14.829   98.0          0  pkj+21 

736   347.084   5.773     15.0          0  tjb+13 
737   349.586   7.749     17.0          0  pkj+21 
738   340.349   0.009     0.0           0  *
739   339.438   -0.794    0.0           0  *
740   328.220   -10.141   27.0          0  pkj+21 

741   345.815   4.195     32.0          0  pkj+21 
742   344.577   3.341     45.7        0  ncb+15 
743   341.360   0.595     192.0         0  pkj+21 
744   339.019   -1.380    0.0           0  *
745   338.538   -1.759    0.0           0  *

746   332.077   -7.148    0.0           0  *
747   2.856     17.234    62.0          0  pkj+21 
748   343.291   1.997     13.0          0  pkj+21 
749   341.623   0.485     0.0           0  *
750   340.559   -0.351    19.0          0  pkj+21 

751   339.782   -0.946    0.0           0  *
752   337.248   -3.108    0.0           0  *
753   2.810     16.882    34.0          0  pkj+21 
754   342.458   0.923     152.0         0  pkj+21 
755   340.506   -0.719    0.0           0  *

756   335.014   -5.172    22.0          0  pkj+21 
757   334.586   -5.515    65.0          0  tml93 
758   315.149   -19.953   105.0         0  pkj+21 
759   5.599     18.581    23.1        0  jbo+09 
760   357.315   12.454    52.1        0  lylg95 

761   341.564   -0.088    0.0           0  *
762   345.878   3.268     14.0          0  pkj+21 
763   344.422   2.107     161.0         0  lfl+06 
764   343.946   1.756     45.0        0  ccb+20 
765   342.636   0.629     35.0          0  pkj+21 

766   342.281   0.380     0.0           0  *
767   337.936   -3.256    0.0           0  *
768   354.972   10.271    32.0          2  dsb+98 
769   347.147   4.018     32.0          0  pkj+21 
770   343.609   1.247     0.0           0  *

771   342.761   0.565     0.0           0  *
772   352.244   7.880     108.0         0  pkj+21 
773   346.046   2.906     0.0           0  *
774   348.013   4.245     36.0          0  pkj+21 
775   55.344    37.124    42.0          4  whx+23 

776   341.743   -1.006    31.0          0  pkj+21 
777   342.933   -0.214    0.0           0  *
778   337.602   -4.554    27.0          0  pkj+21 
779   7.507     17.592    68.0          0  pkj+21 
780   343.000   -0.547    0.0           0  *

781   341.881   -1.361    0.0           0  *
782   10.307    19.330    0.0           0  *
783   351.055   5.489     49.0          0  pkj+21 
784   348.679   3.672     60.0          0  lfl+06 
785   345.488   1.234     27.0          0  lfl+06 

786   342.235   -1.364    72.0          0  tjb+13 
787   338.008   -4.538    79.0          0  kbm+03 
788   352.523   6.384     17.0          0  pkj+21 
789   347.755   2.833     105.0         0  hfs+04 
790   341.360   -2.177    42.0          0  pkj+21 

791   337.835   -4.841    0.0           0  *
792   346.203   1.401     0.0           0  *
793   344.744   0.123     36.0          0  pkj+21 
794   343.405   -0.814    0.0           0  *
795   343.352   -0.852    23.0          0  jw06 

796   342.378   -1.701    0.0           0  *
797   3.229     13.561    23.0          0  pkj+21 
798   351.786   5.387     49.0          0  pkj+21 
799   342.235   -1.916    56.0          0  pkj+21 
800   338.986   -4.515    55.0          0  pkj+21 

801   347.795   1.953     21.3        0  ccb+20 
802   336.051   -6.869    24.1        5  bsb+19 
803   329.762   -11.367   125.0         0  qmlg95 
804   3.189     13.026    14.0          0  pkj+21 
805   350.721   3.975     21.0          0  pkj+21 

806   346.548   0.845     0.0           0  *
807   346.341   0.718     34.0          0  pkj+21 
808   345.291   -0.042    0.0           0  *
809   343.428   -1.515    15.0          0  pkj+21 
810   328.751   -12.228   85.0          0  tjb+13 

811   347.387   1.301     0.0           0  *
812   343.758   -1.375    0.0           0  *
813   342.672   -2.264    21.6        0  ccb+20 
814   329.053   -12.152   5.3         0  pkj+21 
815   345.718   -0.197    79.0          0  hfs+04 

816   343.521   -1.915    28.0          0  pkj+21 
817   343.041   -2.278    287.0         0  pkj+21 
818   340.424   -4.135    42.0          0  pkj+21 
819   351.083   3.407     35.0          0  hfs+04 
820   349.235   2.130     78.3        0  ncb+15 

821   347.776   1.123     0.0           0  *
822   342.220   -3.006    37.0          0  hfs+04 
823   316.676   -20.221   45.0          0  tml93 
824   5.775     13.657    19.0          0  pkj+21 
825   349.578   2.095     33.0          0  pkj+21 

826   347.709   0.832     0.0           0  *
827   343.706   -2.193    0.0           0  *
828   343.470   -2.406    20.0          0  pkj+21 
829   343.098   -2.686    13.0          0  pkj+21 
830   357.859   8.029     96.0          0  mss+20 

831   345.330   -1.195    0.0           0  *
832   7.417     14.013    20.0          0  pkj+21 
833   348.197   0.591     0.0           0  *
834   335.694   -8.461    23.0          0  pkj+21 
835   357.325   7.070     64.0          0  ebvb01 

836   348.101   0.207     0.0           0  *
837   11.487    15.777    82.0          0  pkj+21 
838   353.211   3.296     0.0           0  *
839   349.757   0.886     0.0           0  *
840   348.194   -0.348    128.0         0  lfl+06 

841   348.101   -0.320    0.0           0  *
842   346.913   -1.276    123.0         0  jbv+19 
843   344.951   -2.562    0.0           0  *
844   349.596   0.519     105.0         0  mlc+01 
845   347.418   -1.155    0.0           0  *

846   346.529   -1.795    33.0          0  pkj+21 
847   341.549   -5.155    16.0          0  pkj+21 
848   352.120   2.025     40.0          0  pkj+21 
849   349.491   0.182     68.0          0  pkj+21 
850   348.551   -0.494    0.0           0  *

851   347.655   -1.157    367.0         0  lfl+06 
852   347.016   -1.695    0.0           0  *
853   346.937   -1.574    0.0           0  *
854   346.759   -1.893    14.0          0  khs+14 
855   332.668   -11.475   30.0          0  pkj+21 

856   349.928   0.237     0.0           0  *
857   348.951   -0.432    12.0          0  pkj+21 
858   343.022   -4.584    36.0          0  lfl+06 
859   1.402     7.846     18.0        4  bsb+19 
860   351.885   1.391     25.9        0  ccb+20 

861   347.653   -1.533    14.0          0  pkj+21 
862   345.341   -3.325    8.3         0  pkj+21 
863   20.134    18.936    82.0          0  pkj+21 
864   7.374     11.537    46.0          0  pkj+21 
865   0.443     6.986     56.0          0  mss+20 

866   356.505   4.248     34.0          0  pkj+21 
867   350.332   0.100     21.0          0  pkj+21 
868   4.857     9.739     46.9        0  lylg95 
869   4.914     9.563     0.0           0  *
870   351.687   0.670     69.0          0  hfs+04 

871   354.561   2.525     20.0          0  pkj+21 
872   350.934   -0.001    39.0          0  pkj+21 
873   350.490   -0.507    9.7         0  pkj+21 
874   344.843   -4.319    7.0         0  pkj+21 
875   357.482   4.015     0.0           0  *

876   350.682   -0.409    17.0          0  pkj+21 
877   355.142   2.228     0.0           0  *
878   352.437   0.380     0.0           0  *
879   344.182   -5.121    38.0          0  lfl+06 
880   357.636   3.803     79.0          0  lfl+06 

881   351.979   -0.153    97.0          0  pkj+21 
882   349.384   -1.741    0.0           0  *
883   347.874   -2.920    99.0          0  kbm+03 
884   352.252   -0.072    0.0           0  *
885   351.422   -0.802    66.0          0  mlc+01 

886   348.481   -2.711    0.0           0  *
887   358.945   4.053     112.0         0  pkj+21 
888   23.029    18.287    31.0          0  pkj+21 
889   350.842   -1.656    18.0          0  mlc+01 
890   348.375   -3.218    120.0         0  lfl+06 

891   358.123   2.819     44.0          0  lfl+06 
892   354.133   0.090     31.0          0  pkj+21 
893   354.135   -0.004    0.0           0  *
894   356.233   1.354     0.0           0  *
895   354.601   0.225     71.4        0  ncb+15 

896   342.565   -7.669    24.0          0  pkj+21 
897   6.417     7.563     23.0          2  dsb+98 
898   356.307   1.007     0.0           0  *
899   353.818   -0.507    33.0          0  lfl+06 
900   351.288   -2.211    73.0          0  kbm+03 

901   347.980   -4.462    24.0          0  hfs+04 
902   347.589   -4.709    0.0           0  *
903   4.029     5.749     84.3        0  lylg95 
904   1.428     4.092     57.0          0  lfl+06 
905   358.857   2.402     20.0          0  lfl+06 

906   357.320   1.301     0.0           0  *
907   354.917   -0.238    0.0           0  *
908   351.577   -2.284    57.0          0  pkj+21 
909   349.267   -3.894    17.0          0  pkj+21 
910   336.188   -11.801   69.0          0  tjb+13 

911   2.678     4.551     49.0          0  mss+20 
912   357.031   0.893     22.6        0  ncb+15 
913   17.271    13.284    22.0          0  pkj+21 
914   355.478   -0.381    0.0           0  *
915   2.331     3.775     103.0         0  lfl+06 

916   359.446   2.036     0.0           0  *
917   359.142   1.764     0.0           0  *
918   354.310   -1.142    0.0           0  *
919   353.614   -1.598    0.0           0  *
920   357.298   0.373     31.0          0  pkj+21 

921   356.744   0.145     0.0           0  *
922   355.308   -0.795    0.0           0  *
923   353.175   -2.268    16.0          0  pkj+21 
924   3.731     4.280     69.0          0  lfl+06 
925   0.940     2.544     0.0           0  *

926   0.272     2.081     23.7        0  ncb+15 
927   358.378   0.724     62.0          0  mhl+02 
928   357.358   0.100     0.0           0  *
929   356.466   -0.491    25.0          0  pkj+21 
930   355.525   -1.003    0.0           0  *

931   30.261    18.858    15.1        3  whx+23 
932   12.794    9.297     12.0          0  pkj+21 
933   2.327     3.027     0.0           0  *
934   359.206   1.064     10.0          0  pkj+21 
935   358.085   0.336     7.6         0  pkj+21 

936   357.680   0.152     0.0           0  *
937   357.096   -0.220    98.0          0  pkj+21 
938   356.739   -0.547    0.0           0  *
939   350.039   -4.690    19.0          0  lfl+06 
940   34.011    20.268    19.0          0  pkj+21 

941   37.084    21.679    46.3        0  dmo+24 
942   2.212     2.633     0.0           0  *
943   358.294   0.238     10.0          0  pkj+21 
944   357.811   -0.132    32.0          0  pkj+21 
945   355.564   -1.436    23.0          0  hfs+04 

946   16.955    11.304    94.0          0  pkj+21 
947   6.815     5.377     150.0     0  ebvb01 
948   6.422     4.907     45.96       0  sjk+21 
949   0.907     1.604     30.0          0  lfl+06 
950   0.636     1.582     55.0          0  mhl+02 

951   358.798   0.380     0.0           0  *
952   358.346   0.130     111.0         0  mhl+02 
953   350.555   -4.749    25.0          0  pkj+21 
954   355.835   -1.654    0.0           0  *
955   350.209   -5.135    120.0         0  lfl+06 

956   344.790   -8.462    37.0          0  pkj+21 
957   21.649    13.400    21.7        9  whx+23 
958   12.699    8.205     25.0          0  pkj+21 
959   3.333     2.640     0.0           0  *
960   357.298   -1.149    66.0          0  pkj+21 

961   357.220   -1.109    0.0           0  *
962   348.381   -6.463    15.0          0  pkj+21 
963   10.773    6.885     41.0          0  pkj+21 
964   4.463     2.937     59.0          5  dsb+98 
965   357.640   -1.059    28.0          0  pkj+21 

966   338.499   -12.447   42.0          0  pkj+21 
967   37.375    20.301    71.0          5  whx+23 
968   24.409    14.066    0.0           0  *
969   23.838    14.025    21.0          2  whx+23 
970   5.470     3.422     0.0           0  *

971   358.553   -0.963    21.0          0  pkj+21 
972   352.036   -4.751    24.0          0  tjb+13 
973   23.609    13.483    0.0           0  *
974   356.957   -2.175    0.0           0  *
975   16.174    8.983     0.0           0  *

976   2.054     0.758     0.0           0  *
977   0.971     0.121     0.0           0  *
978   359.305   -0.841    0.0           0  *
979   14.016    7.656     20.0          0  pkj+21 
980   7.728     3.801     0.0           0  *

981   3.955     1.564     0.0           0  *
982   0.858     -0.091    0.0           0  *
983   6.568     2.981     153.2       0  ccb+20 
984   4.828     1.967     0.0           0  *
985   2.505     0.593     0.0           0  *

986   359.459   -1.244    88.0          0  hfs+04 
987   342.522   -11.095   8.0           0  tjb+13 
988   338.275   -13.427   22.153      4  bsb+19 
989   336.637   -14.262   65.0          0  tml93 
990   7.591     3.331     432.0         0  lfl+06 

991   4.291     1.185     19.0          0  mhl+02 
992   4.136     1.255     0.0           0  *
993   0.663     -0.737    35.1        0  ncb+15 
994   357.982   -2.516    85.0          0  pkj+21 
995   355.314   -4.082    114.0         0  pkj+21 

996   3.852     0.692     0.0           0  *
997   356.829   -3.382    34.0          0  pkj+21 
998   345.002   -10.178   20.0          0  pkj+21 
999   4.930     1.039     0.0           0  *
1000  1.540     -0.961    12.0          0  pkj+21 

1001  1.267     -0.976    20.0          0  mhl+02 
1002  4.274     0.512     93.2        0  lylg95 
1003  4.947     0.618     0.0           0  *
1004  359.862   -2.332    0.0           0  *
1005  355.994   -4.607    19.0          0  pkj+21 

1006  355.635   -4.882    12.0          0  pkj+21 
1007  18.324    8.150     9.7         0  pkj+21 
1008  11.527    4.291     26.0          0  lfl+06 
1009  8.480     2.416     0.0           0  *
1010  4.255     -0.150    33.0          0  mhl+02 

1011  4.183     -0.016    0.0           0  *
1012  4.047     -0.229    0.0           0  *
1013  3.799     -0.323    25.7        0  ncb+15 
1014  3.618     -0.333    25.7        0  ncb+15 
1015  2.432     -1.135    28.0          0  mss+20 

1016  6.835     1.237     0.0           0  *
1017  5.027     0.044     39.0          0  hfs+04 
1018  3.574     -0.891    0.0           0  *
1019  13.367    4.785     4.78        5  bsb+19 
1020  7.029     0.970     5.0           0  mhl+02 

1021  5.281     0.054     19.0          0  pkj+21 
1022  9.544     2.353     0.0           0  *
1023  7.378     0.933     0.0           0  *
1024  4.263     -0.807    0.0           0  *
1025  3.555     -1.225    0.0           0  *

1026  1.556     -2.294    30.0          0  lfl+06 
1027  17.596    6.504     330.0         0  mss+20 
1028  11.378    3.028     44.0          0  lfl+06 
1029  10.142    2.260     0.0           0  *
1030  9.634     1.901     0.0           0  *

1031  9.366     1.845     0.0           0  *
1032  7.473     0.810     11.0          0  hfs+04 
1033  6.702     0.257     0.0           0  *
1034  6.593     0.275     52.0          0  mhl+02 
1035  4.261     -1.082    0.0           0  *

1036  1.202     -2.887    20.0          2  dsb+98 
1037  359.629   -3.673    24.0          0  pkj+21 
1038  338.205   -15.050   0.0           0  *
1039  78.130    28.440    17.5       11  whx+23 
1040  26.177    10.820    0.0           0  *

1041  25.749    10.678    51.5       15  whx+23 
1042  8.306     1.073     0.0           0  *
1043  23.595    9.257     33.0          0  pkj+21 
1044  10.447    1.978     0.0           0  *
1045  10.295    1.781     0.0           0  *

1046  8.446     0.794     0.0           0  *
1047  7.838     0.554     0.0           0  *
1048  6.837     -0.066    265.0         0  cmk01 
1049  5.254     -0.882    12.0          0  pkj+21 
1050  1.436     -3.249    61.0          0  pkj+21 

1051  356.517   -6.023    110.0         0  lfl+06 
1052  28.612    11.562    0.0         0  whx+23 
1053  22.425    8.398     146.0         3  bsb+19 
1054  11.573    2.377     0.0           0  *
1055  5.731     -0.886    0.0           0  *

1056  357.675   -5.629    77.0          0  tjb+13 
1057  13.020    2.827     0.0           0  *
1058  10.730    1.428     43.0          0  mhl+02 
1059  10.334    1.338     0.0           0  *
1060  8.395     0.146     44.0          0  pkj+21 

1061  8.140     0.187     0.0           0  *
1062  3.494     -2.532    32.0          0  qmlg95 
1063  358.015   -5.637    21.0          0  pkj+21 
1064  7.722     -0.397    0.0           0  *
1065  30.413    11.708    12.0          0  pkj+21 

1066  21.990    7.225     27.0          0  pkj+21 
1067  14.246    3.093     340.0         0  lfl+06 
1068  9.530     0.313     0.0           0  *
1069  9.449     0.307     0.0           0  *
1070  5.807     -1.725    22.0          0  hfs+04 

1071  1.456     -4.217    22.0          0  tjb+13 
1072  37.305    14.560    23.9        9  whx+23 
1073  17.142    4.417     39.0          0  pkj+21 
1074  13.323    2.213     0.0           0  *
1075  10.641    0.802     0.0           0  *

1076  8.811     -0.280    55.0          0  mhl+02 
1077  35.149    13.276    26.6        9  whx+23 
1078  20.061    5.587     12.0          0  pkj+21 
1079  4.987     -2.646    0.0           0  *
1080  3.843     -3.257    25.0          0  pkj+21 

1081  20.634    5.750     38.0          0  pkj+21 
1082  18.828    4.600     26.0          0  pkj+21 
1083  14.472    2.239     18.0          0  pkj+21 
1084  9.446     -0.400    84.5        0  lylg95 
1085  4.160     -3.357    80.0          0  lfl+06 

1086  359.035   -6.115    18.0          0  pkj+21 
1087  26.962    8.627     22.7       14  whx+23 
1088  21.247    5.675     18.0          0  pkj+21 
1089  15.306    2.393     25.0          0  pkj+21 
1090  11.473    0.316     0.0           0  *

1091  11.094    0.080     26.0          0  pkj+21 
1092  10.363    -0.202    0.0           0  *
1093  9.415     -0.720    15.0          0  pkj+21 
1094  7.390     -1.995    0.0           0  *
1095  356.541   -7.766    190.0         0  mss+20 

1096  34.694    12.248    39.2        6  whx+23 
1097  15.272    2.035     0.0           0  *
1098  13.051    0.956     309.0       0  ccb+20 
1099  12.064    0.289     31.0          0  mhl+02 
1100  340.292   -15.901   22.0          0  pkj+21 

1101  34.709    12.102    0.0           0  *
1102  26.612    8.029     33.6       10  whx+23 
1103  18.712    3.830     0.0           0  *
1104  13.041    0.686     59.0        0  ncb+15 
1105  11.909    0.049     0.0           0  *

1106  6.632     -2.954    24.0         0  lfl+06 
1107  344.222   -14.267   39.0          0  pkj+21 
1108  30.709    9.692     20.3       15  whx+23 
1109  13.109    0.538     60.0          0  pkj+21 
1110  12.904    0.387     191.0         0  pkj+21 

1111  11.522    -0.456    0.0           0  *
1112  9.954     -1.321    392.0       0  ccb+20 
1113  9.859     -1.303    66.0          0  mhl+02 
1114  6.013     -3.448    19.0          0  lfl+06 
1115  3.949     -4.598    0.0           0  *

1116  1.431     -5.962    24.0          0  pkj+21 
1117  45.544    16.401    19.3        7  whx+23 
1118  17.244    2.445     0.0           0  *
1119  9.851     -1.657    23.0          0  pkj+21 
1120  8.529     -2.329    0.0           0  *

1121  39.205    13.306    17.3       15  whx+23 
1122  23.905    5.730     43.0          0  pkj+21 
1123  23.101    5.233     194.0         0  lfl+06 
1124  13.820    0.245     58.0          0  mhl+02 
1125  13.179    -0.272    0.0           0  *

1126  11.810    -0.963    52.0          0  mhl+02 
1127  21.867    4.092     9.1         0  pkj+21 
1128  15.836    0.828     0.0           0  *
1129  13.433    -0.424    37.0          0  pkj+21 
1130  5.219     -4.906    65.5        0  lylg95 

1131  15.595    0.391     0.0           0  *
1132  13.337    -0.703    0.0           0  *
1133  11.623    -1.617    0.0           0  *
1134  356.801   -9.374    17.0          0  pkj+21 
1135  354.678   -10.406   10.0          0  pkj+21 

1136  27.482    6.479     30.2        9  whx+23 
1137  19.144    2.068     0.0           0  *
1138  16.405    0.610     53.0          0  hfs+04 
1139  16.031    0.390     0.0           0  *
1140  15.550    0.192     0.0           0  *

1141  15.270    -0.063    0.0           0  *
1142  15.087    -0.227    0.0           0  *
1143  41.227    12.828    82.0          0  pkj+21 
1144  20.935    2.633     33.0          0  pkj+21 
1145  20.287    2.337     0.0           0  *

1146  19.291    1.857     74.0          0  pkj+21 
1147  19.101    1.619     0.0           0  *
1148  17.497    0.829     41.0          0  lfl+06 
1149  16.797    0.394     0.0           0  *
1150  13.991    -1.048    0.0           0  *

1151  25.457    4.733     19.0          0  pkj+21 
1152  24.777    4.516     21.0          0  pkj+21 
1153  17.161    0.483     151.0         0  pkj+21 
1154  15.681    -0.406    0.0           0  *
1155  13.202    -1.720    28.0          0  pkj+21 

1156  69.537    22.905    56.0          3  whx+23 
1157  26.839    5.372     18.1        8  whx+23 
1158  26.393    4.978     0.0           0  *
1159  16.815    -0.043    0.0           0  *
1160  16.628    -0.168    97.0          0  pkj+21 

1161  35.983    9.685     49.2        8  whx+23 
1162  39.870    11.571    55.0          4  whx+23 
1163  54.027    17.554    13.27       0  ccl+21 
1164  23.096    3.043     18.5        0  ccb+20 
1165  21.828    2.262     55.0          0  lfl+06 

1166  21.590    2.212     7.11        0  ccb+20 
1167  21.530    2.161     0.0           0  *
1168  18.218    0.394     0.0           0  *
1169  17.252    -0.176    17.0          0  pkj+21 
1170  15.194    -1.189    0.0           0  *

1171  9.349     -4.373    81.0          0  hfs+04 
1172  351.883   -12.829   28.0          0  pkj+21 
1173  34.987    8.859     60.4       15  whx+23 
1174  28.081    5.256     15.0        4  whx+23 
1175  19.767    0.946     0.0           0  *

1176  19.568    0.935     44.0          0  hfs+04 
1177  17.488    -0.189    0.0           0  *
1178  16.033    -0.948    0.0           0  *
1179  13.636    -2.164    0.0           0  *
1180  2.790     -7.917    14.3        0  lylg95 

1181  2.120     -8.273    8.9         0  pkj+21 
1182  28.588    5.231     68.0       14  whx+23 
1183  28.525    5.188     21.9        9  whx+23 
1184  19.809    0.741     51.0          0  pkj+21 
1185  19.253    0.324     0.0           0  *

1186  17.614    -0.515    58.2        0  ncb+15 
1187  17.146    -0.796    28.0          0  pkj+21 
1188  16.512    -0.934    0.0           0  *
1189  12.276    -3.108    3.3         0  pkj+21 
1190  9.822     -4.435    32.0          0  lfl+06 

1191  9.037     -4.922    51.0          0  lfl+06 
1192  7.123     -5.918    0.0           0  *
1193  30.001    5.856     30.9        9  whx+23 
1194  21.449    1.324     47.0          0  pkj+21 
1195  20.047    0.641     68.8        0  ncb+15 

1196  16.805    -1.001    28.0          0  pkj+21 
1197  19.800    0.293     80.0          0  pkj+21 
1198  18.556    -0.377    0.0           0  *
1199  18.001    -0.691    34.7        0  lylg95 
1200  17.398    -1.142    0.0           0  *

1201  16.358    -1.553    0.0           0  *
1202  23.176    1.803     38.0          0  pkj+21 
1203  21.724    0.841     0.0           0  *
1204  21.286    0.798     57.0          0  pkj+21 
1205  17.077    -1.503    0.0           0  *

1206  41.457    10.657    0.0           0  *
1207  24.780    2.279     17.0          0  pkj+21 
1208  21.324    0.424     0.0           0  *
1209  20.587    0.024     0.0           0  *
1210  20.495    0.043     49.0          0  mhl+02 

1211  18.254    -1.243    0.0           0  *
1212  11.358    -4.734    34.0          0  lfl+06 
1213  30.460    4.817     21.0          0  mss+20 
1214  23.647    1.479     19.0          0  pkj+21 
1215  14.604    -3.418    18.0          0  pkj+21 

1216  29.755    4.251     16.0          0  lfl+06 
1217  29.156    3.995     0.0         0  whx+23 
1218  20.812    -0.477    9.5         0  pkj+21 
1219  20.193    -0.590    171.0         0  mhl+02 
1220  18.824    -1.490    0.0           0  *

1221  17.839    -1.813    22.0          0  lfl+06 
1222  23.211    0.548     20.0          0  pkj+21 
1223  21.897    -0.128    14.0          0  lfl+06 
1224  19.618    -1.217    122.0         0  mhl+02 
1225  18.716    -1.884    82.0          0  mhl+02 

1226  17.870    -2.201    0.0           0  *
1227  31.247    4.360     15.0          0  lfl+06 
1228  24.807    1.070     60.0          0  pkj+21 
1229  23.272    0.298     23.0          0  pkj+21 
1230  21.587    -0.597    24.0          0  pkj+21 

1231  28.918    3.094     0.0         0  whx+23 
1232  27.657    2.272     19.0          0  pkj+21 
1233  25.623    1.232     0.0           0  *
1234  25.514    1.321     0.0           0  *
1235  23.385    0.063     14.0          0  pkj+21 

1236  21.231    -1.140    0.0           0  *
1237  334.827   -21.195   80.0          0  tml93 
1238  30.812    3.732     34.7        0  lylg95 
1239  30.570    3.449     13.0          0  lfl+06 
1240  27.042    1.749     104.0         0  pkj+21 

1241  25.640    0.965     35.0          0  mhl+02 
1242  25.173    0.763     0.0           0  *
1243  24.288    0.366     140.0         0  pkj+21 
1244  24.151    0.224     0.0           0  *
1245  20.287    -1.743    75.0          0  pkj+21 

1246  15.768    -4.206    21.0          0  kbm+03 
1247  14.189    -4.977    71.0          0  lfl+06 
1248  27.681    1.858     28.0          0  lfl+06 
1249  26.296    1.164     0.0           0  *
1250  25.758    0.829     53.6        0  ccb+20 

1251  25.093    0.552     60.5        0  lylg95 
1252  23.331    -0.548    108.0         5  bsb+19 
1253  22.767    -0.804    0.0           0  *
1254  22.684    -0.774    64.2        0  ncb+15 
1255  22.487    -0.989    19.0          0  lfl+06 

1256  22.451    -0.999    7.2         0  lfl+06 
1257  21.980    -1.302    11.0          0  pkj+21 
1258  21.222    -1.513    8.4         0  pkj+21 
1259  17.094    -3.784    42.0          0  lfl+06 
1260  39.509    7.544     11.7        6  whx+23 

1261  88.875    24.999    0.0           0  *
1262  27.167    1.130     18.0          0  pkj+21 
1263  26.510    0.915     0.0           0  *
1264  22.263    -1.415    17.0          0  pkj+21 
1265  19.348    -2.910    16.0          0  pkj+21 

1266  31.864    3.316     0.0           0  *
1267  32.129    3.511     98.1       18  whx+23 
1268  42.411    8.739     43.1       11  whx+23 
1269  30.675    2.749     29.1        7  whx+23 
1270  29.286    2.009     0.0           0  *

1271  26.001    0.379     0.0           0  *
1272  25.960    0.265     30.0          0  mhl+02 
1273  25.191    0.002     182.0         0  pkj+21 
1274  23.918    -0.772    53.7        3  bsb+19 
1275  19.983    -2.662    0.0            0  *

1276  14.807    -5.498    19.0          0  pkj+21 
1277  45.347    9.694     17.4       11  dmo+24 
1278  27.070    0.708     0.0           0  *
1279  26.508    0.209     0.0           0  *
1280  26.295    0.183     0.0           0  *

1281  25.792    -0.140    0.0           0  *
1282  21.862    -2.049    34.0          0  mhl+02 
1283  14.686    -5.734    0.0           0  *
1284  30.014    1.965     0.0           0  *
1285  29.500    1.461     54.0          3  whx+23 

1286  28.601    1.095     0.0           0  *
1287  28.462    0.934     63.7        0  ncb+15 
1288  28.016    0.730     16.0          0  pkj+21 
1289  27.407    0.654     12.0          0  lfl+06 
1290  27.147    0.321     0.0           0  *

1291  25.807    -0.266    29.0          0  mss+20 
1292  25.547    -0.350    74.0          0  pkj+21 
1293  23.533    -1.591    0.0           0  *
1294  20.347    -3.180    49.0          0  pkj+21 
1295  33.696    3.443     16.8       15  whx+23 

1296  27.486    0.203     53.0          2  bsb+19 
1297  26.345    -0.281    45.0          0  pkj+21 
1298  25.933    -0.461    0.0           0  *
1299  24.698    -1.242    0.0           0  *
1300  24.441    -1.308    35.0          0  pkj+21 

1301  24.314    -1.283    34.0          0  pkj+21 
1302  24.010    -1.616    343.0         0  lfl+06 
1303  21.559    -2.745    0.0           0  *
1304  20.940    -3.197    21.0          0  pkj+21 
1305  18.944    -4.119    0.0           0  *

1306  40.078    6.278     14.1        2  whx+23 
1307  30.100    1.217     36.6        7  whx+23 
1308  28.968    0.776     0.0           0  *
1309  28.423    0.437     20.0          0  pkj+21 
1310  27.818    0.279     9.8         0  pkj+21 

1311  27.323    -0.034    0.0           0  *
1312  27.024    -0.333    0.0           0  *
1313  19.277    -4.227    122.0         0  lfl+06 
1314  315.460   -26.082   41.4        0  jbo+09 
1315  34.558    3.336     90.9       17  whx+23 

1316  35.434    3.846     119.5       3  whx+23 
1317  37.801    5.075     17.0        6  whx+23 
1318  44.054    8.074     143.4       9  whx+23 
1319  30.283    1.022     59.1       12  whx+23 
1320  29.078    0.584     0.0           0  *

1321  28.347    0.174     345.0         0  pkj+21 
1322  28.086    0.111     27.0          0  pkj+21 
1323  26.413    -0.898    0.0           0  *
1324  24.829    -1.766    52.3        0  ncb+15 
1325  23.809    -2.137    20.0          0  pkj+21 

1326  33.195    2.392     0.0           0  *
1327  50.444    10.846    64.0          7  whx+23 
1328  32.013    1.768     36.4        5  whx+23 
1329  31.295    1.360     39.5       15  whx+23 
1330  30.543    1.087     45.0       13  whx+23 

1331  30.084    0.768     99.1       11  whx+23 
1332  28.484    0.056     0.0           0  *
1333  28.374    -0.172    0.0           0  *
1334  27.581    -0.505    90.0          0  pkj+21 
1335  27.391    -0.520    36.0        0  ncb+15 

1336  25.741    -1.426    7.1         0  pkj+21 
1337  25.092    -1.680    0.0           0  *
1338  24.951    -1.880    0.0           0  *
1339  24.806    -1.934    0.0           0  *
1340  18.559    -5.129    19.0          0  pkj+21 

1341  45.557    8.149     15.8        2  whx+23 
1342  31.710    1.271     26.7       12  whx+23 
1343  29.727    0.235     41.1        6  whx+23 
1344  29.395    0.243     33.3        0  ncb+15 
1345  29.343    0.036     0.0           0  *

1346  28.787    -0.191    0.0           0  *
1347  28.096    -0.548    27.0          0  pkj+21 
1348  27.752    -0.576    0.0           0  *
1349  27.670    -0.769    0.0           0  *
1350  27.073    -0.941    23.0          0  pkj+21 

1351  37.923    4.308     26.4       16  whx+23 
1352  29.390    -0.255    0.0           0  *
1353  28.193    -0.785    25.0          0  pkj+21 
1354  27.150    -1.337    33.0          0  pkj+21 
1355  26.348    -1.603    25.0          0  pkj+21 

1356  25.428    -2.304    9.3         0  pkj+21 
1357  24.693    -2.441    31.0         0  lfl+06 
1358  22.276    -3.855    5.6         0  pkj+21 
1359  19.860    -4.918    84.0          0  lfl+06 
1360  33.162    1.440     25.7        8  whx+23 

1361  40.693    5.342     0.0           0  *
1362  29.707    -0.198    0.0           0  *
1363  25.386    -2.431    17.0          0  pkj+21 
1364  25.366    -2.386    36.0          0  pkj+21 
1365  320.674   -25.650   731.4       0  jbo+09 

1366  28.876    -0.939    29.0          0  pkj+21 
1367  28.371    -1.268    21.0          0  pkj+21 
1368  28.318    -1.361    0.0           0  *
1369  27.048    -1.867    37.0          0  pkj+21 
1370  36.058    2.366     0.0           0  *

1371  38.061    3.328     54.0          5  whx+23 
1372  38.701    3.646     27.0          0  lwf+04 
1373  40.154    4.437     35.3       13  whx+23 
1374  46.328    7.443     301.0         5  whx+23 
1375  32.267    0.447     24.0        6  whx+23 

1376  31.798    0.171     0.0           0  *
1377  31.339    0.039     37.2        4  whx+23 
1378  27.945    -1.659    0.0           0  *
1379  27.221    -2.054    22.0          0  lfl+06 
1380  22.009    -4.658    42.0          0  pkj+21 

1381  21.224    -5.081    0.0           0  *
1382  19.903    -5.835    30.0          3  dsb+98 
1383  14.772    -8.254    93.4        0  lylg95 
1384  32.731    0.476     0.0           0  *
1385  32.884    0.460     0.0           0  *

1386  33.744    0.841     51.0          2  whx+23 
1387  34.034    1.043     28.9       11  whx+23 
1388  36.367    2.425     16.0          0  pkj+21 
1389  36.748    2.446     0.0           0  *
1390  56.238    11.866    10.9       10  dmo+24 

1391  32.501    0.338     74.2       14  whx+23 
1392  32.075    0.198     0.0           0  *
1393  29.834    -1.173    35.0          0  pkj+21 
1394  27.182    -2.469    30.0          0  pkj+21 
1395  26.773    -2.497    26.0          0  pkj+21 

1396  33.246    0.353     98.0          0  pkj+21 
1397  36.718    2.231     43.5       11  whx+23 
1398  44.990    6.339     11.0        2  whx+23 
1399  32.740    0.295     0.0           0  *
1400  32.764    0.093     408.0        17  whx+23 

1401  32.465    0.157     17.9        7  whx+23 
1402  32.407    0.066     52.0       13  whx+23 
1403  32.369    -0.041    120.0         3  whx+23 
1404  34.153    0.504     31.0          4  whx+23 
1405  35.314    1.248     0.0           0  *

1406  36.720    2.046     161.5       6  whx+23 
1407  44.513    5.932     20.0          3  whx+23 
1408  32.542    -0.335    28.5       10  whx+23 
1409  32.100    -0.318    30.9        8  whx+23 
1410  31.812    -0.527    48.7       19  whx+23 

1411  30.515    -1.186    0.0           0  *
1412  27.114    -3.044    55.0        0  clh+20 
1413  33.198    -0.222    31.4       19  whx+23 
1414  33.282    -0.174    39.6       19  whx+23 
1415  33.324    -0.082    0.0           0  *

1416  33.523    0.017     950.0         5  whx+23 
1417  35.804    1.160     78.0          3  whx+23 
1418  33.066    -0.277    0.0           0  *
1419  32.662    -0.362    14.0        7  whx+23 
1420  32.547    -0.479    0.0           0  *

1421  32.431    -0.476    0.0           0  *
1422  31.868    -0.783    194.1       9  whx+23 
1423  31.706    -0.803    82.0          0  pkj+21 
1424  27.224    -3.341    113.0         0  pkj+21 
1425  24.265    -4.580    0.0           0  *

1426  9.458     -11.918   28.0          0  pkj+21 
1427  33.338    -0.371    20.7        0  hfs+04 
1428  33.421    -0.434    0.0           0  *
1429  33.444    -0.213    0.0           0  *
1430  33.579    -0.190    88.0          4  whx+23 

1431  34.017    -0.036    22.2       11  whx+23 
1432  35.806    0.963     0.0           0  *
1433  37.170    1.512     88.0          3  whx+23 
1434  37.650    1.956     343.0         4  whx+23 
1435  38.354    2.064     26.5        2  whx+23 

1436  41.071    3.615     76.0          8  whx+23 
1437  33.086    -0.468    14.0        2  whx+23 
1438  34.053    -0.349    51.0          3  whx+23 
1439  35.992    0.834     76.0          6  whx+23 
1440  36.209    0.824     47.0          3  whx+23 

1441  36.179    0.944     55.6       12  whx+23 
1442  42.887    4.223     154.5       6  dmo+24 
1443  32.750    -0.980    50.0          3  whx+23 
1444  28.511    -3.235    23.3        0  ccb+20 
1445  20.456    -7.209    47.0          0  pkj+21 

1446  19.018    -7.950    0.0           0  *
1447  35.735    0.191     7.0         7  whx+23 
1448  36.175    0.483     0.0           0  *
1449  36.167    0.533     26.0          0  pkj+21 
1450  37.314    1.052     0.0           0  *

1451  38.227    1.642     131.0         3  whx+23 
1452  39.613    2.337     7.4        10  whx+23 
1453  24.721    -5.241    45.0          0  pkj+21 
1454  34.428    -0.648    28.1       12  whx+23 
1455  34.560    -0.497    6.8         0  pkj+21 

1456  35.511    -0.238    0.0           0  *
1457  36.008    0.057     0.0           0  *
1458  37.128    0.745     41.3        8  whx+23 
1459  41.715    3.058     56.0          3  whx+23 
1460  28.636    -3.575    40.0          0  pkj+21 

1461  34.417    -0.805    35.4        7  whx+23 
1462  35.168    -0.571    43.42       0  hfs+04 
1463  35.586    -0.393    44.1       12  whx+23 
1464  35.617    -0.390    21.7        5  whx+23 
1465  35.577    -0.241    0.0           0  *

1466  35.733    -0.176    0.0           0  *
1467  36.274    0.072     0.0           0  *
1468  38.438    1.187     28.4        7  whx+23 
1469  40.839    2.446     24.4       10  whx+23 
1470  24.275    -6.063    258.0         0  mss+20 

1471  35.725    -0.493    84.0          3  whx+23 
1472  36.085    -0.310    17.3        8  whx+23 
1473  36.179    -0.430    108.0         6  whx+23 
1474  36.714    -0.094    0.0           0  *
1475  37.083    0.182     0.0           0  *

1476  26.964    -5.079    0.0           0  *
1477  37.169    -0.010    0.0           0  *
1478  37.819    0.343     0.0           0  *
1479  39.245    0.903     144.0         5  whx+23 
1480  47.637    5.181     31.4       18  whx+23 

1481  36.170    -0.925    27.1        4  whx+23 
1482  39.808    0.995     10.8        4  whx+23 
1483  72.595    16.385    0.0           0  *
1484  33.238    -2.467    14.9        7  whx+23 
1485  32.553    -2.721    60.0          4  whx+23 

1486  25.413    -6.346    249.0        0  pkj+21 
1487  10.342    -13.451   65.0          0  pkj+21 
1488  35.381    -1.677    14.1        6  whx+23 
1489  35.818    -1.367    8.9         6  dmo+24 
1490  36.370    -1.048    32.4       17  whx+23 

1491  36.643    -0.855    99.2       14  whx+23 
1492  36.999    -0.613    104.0         3  whx+23 
1493  37.213    -0.637    34.0       13  whx+23 
1494  37.580    -0.444    18.2       11  whx+23 
1495  37.806    -0.232    127.0         6  whx+23 

1496  38.167    -0.148    0.0           0  *
1497  38.738    0.025     103.0         3  whx+23 
1498  38.715    0.084     83.0          3  whx+23 
1499  39.687    0.756     183.0         4  whx+23 
1500  40.569    1.056     39.5        4  whx+23 

1501  45.786    3.683     70.0          4  whx+23 
1502  31.192    -3.646    48.0          0  pkj+21 
1503  31.152    -3.669    20.0          0  lfl+06 
1504  25.979    -6.441    56.0          0  pkj+21 
1505  18.138    -10.071   120.0     0  ebvb01 

1506  36.498    -1.282    0.0           0  *
1507  36.738    -1.249    58.0          3  whx+23 
1508  39.501    0.210     28.0          0  pkj+21 
1509  39.814    0.336     11.4        4  whx+23 
1510  40.742    0.984     33.7        9  whx+23 

1511  30.958    -4.209    0.0           0  *
1512  24.716    -7.291    19.0          0  pkj+21 
1513  35.727    -1.955    20.7        4  whx+23 
1514  38.088    -0.732    0.0           0  *
1515  39.650    0.108     0.0           0  *

1516  42.121    1.295     0.0           0  *
1517  42.137    1.466     0.0           0  *
1518  42.522    1.490     0.0           0  *
1519  42.743    1.543     198.7      14  whx+23 
1520  54.363    7.427     26.4       13  whx+23 

1521  31.659    -4.038    34.0          0  mss+20 
1522  28.479    -5.679    16.0          0  pkj+21 
1523  34.450    -2.811    14.90      10  whx+23 
1524  41.180    0.680     7.9         8  whx+23 
1525  41.498    0.863     15.9        3  whx+23 

1526  43.433    1.865     175.0         4  whx+23 
1527  32.828    -3.841    14.4        4  whx+23 
1528  23.291    -8.490    25.0          0  pkj+21 
1529  19.590    -10.332   30.8        4  bsb+19 
1530  39.839    -0.277    34.5        5  whx+23 

1531  40.069    -0.169    21.2        5  whx+23 
1532  40.737    0.002     12.1        4  whx+23 
1533  40.944    0.065     62.3       13  whx+23 
1534  41.672    0.454     10.8        7  whx+23 
1535  42.555    1.056     10.0        4  whx+23 

1536  43.063    1.288     11.9        4  whx+23 
1537  43.919    1.755     0.0           0  *
1538  33.690    -3.551    9.3         4  whx+23 
1539  38.478    -1.510    72.0          2  whx+23 
1540  40.604    -0.304    25.90      10  whx+23 

1541  40.690    -0.152    57.2       14  whx+23 
1542  41.216    0.031     0.0           0  *
1543  41.222    0.074     0.0           0  *
1544  41.598    0.147     6.8         6  whx+23 
1545  42.839    0.884     0.0           0  *

1546  51.501    5.251     108.0       4  dmo+24 
1547  37.306    -2.323    30.1        7  whx+23 
1548  37.339    -2.192    69.0          3  whx+23 
1549  38.075    -1.796    10.3        3  whx+23 
1550  39.717    -0.988    39.5       13  whx+23 

1551  40.182    -0.894    0.0           0  *
1552  40.515    -0.484    38.56       0  sjk+21 
1553  41.500    -0.211    17.0          0  pkj+21 
1554  41.613    -0.102    23.3       11  whx+23 
1555  43.024    0.730     4.2         0  pkj+21 

1556  45.290    1.832     26.4       16  whx+23 
1557  46.099    2.373     26.9       16  whx+23 
1558  20.700    -10.413   0.0           0  *
1559  39.267    -1.468    54.8        5  whx+23 
1560  39.293    -1.403    5.3         6  whx+23 

1561  40.141    -0.949    0.0           0  *
1562  41.585    -0.270    18.0          0  cn95 
1563  42.560    0.229     17.3        7  whx+23 
1564  42.972    0.494     19.5        4  whx+23 
1565  43.173    0.361     94.0          0  pkj+21 

1566  47.206    2.558     62.0          4  whx+23 
1567  56.144    7.112     16.0        7  dmo+24 
1568  35.123    -3.977    19.8        6  whx+23 
1569  37.605    -2.713    33.2       11  whx+23 
1570  40.620    -1.210    44.5        8  whx+23 

1571  40.941    -0.940    32.5        8  whx+23 
1572  41.909    -0.340    10.67       0  sjk+21 
1573  43.164    0.258     0.0           0  *
1574  44.832    0.992     12.5        3  dmo+24 
1575  45.494    1.416     13.1        9  whx+23 

1576  45.780    1.472     88.0          3  whx+23 
1577  48.181    2.827     85.0          0  cn95 
1578  51.852    4.749     30.5        6  dmo+24 
1579  37.230    -3.057    30.0          0  pkj+21 
1580  38.606    -2.339    457.0         0  pkj+21 

1581  40.056    -1.668    41.6        9  whx+23 
1582  41.461    -0.879    0.0           0  *
1583  41.520    -0.870    45.2       15  whx+23 
1584  41.740    -0.772    19.9        6  whx+23 
1585  44.426    0.503     0.0           0  *

1586  46.205    1.591     38.8        8  whx+23 
1587  34.009    -4.736    58.0          3  whx+23 
1588  32.280    -5.681    25.0          0  pkj+21 
1589  29.762    -6.885    0.0           0  *
1590  43.576    -0.207    56.0          3  whx+23 

1591  44.890    0.499     0.0           0  *
1592  46.792    1.538     23.0          2  whx+23 
1593  51.238    3.738     16.1        9  whx+23 
1594  44.794    0.152     30.9       16  whx+23 
1595  54.086    4.989     86.2       12  whx+23 

1596  57.933    7.042     17.3        7  dmo+24 
1597  39.736    -2.790    51.2        9  whx+23 
1598  40.243    -2.395    0.0           0  *
1599  41.644    -1.712    26.0          3  whx+23 
1600  42.980    -0.862    73.8        3  whx+23 

1601  43.502    -0.684    7.3         2  whx+23 
1602  44.034    -0.553    51.0          0  lcx02 
1603  44.285    -0.194    55.1       16  whx+23 
1604  44.485    -0.167    4.00       10  whx+23 
1605  45.090    0.081     97.1        7  whx+23 

1606  45.919    0.476     24.5        6  whx+23 
1607  47.421    1.381     0.0           0  *
1608  47.881    1.592     20.3        3  whx+23 
1609  69.097    12.128    29.5       17  dmo+24 
1610  31.307    -7.124    18.0          0  pkj+21 

1611  37.633    -4.037    22.6        9  whx+23 
1612  41.233    -2.092    54.4       17  whx+23 
1613  41.353    -2.071    22.3        8  whx+23 
1614  42.708    -1.307    0.0           0  *
1615  43.243    -1.124    10.4        9  whx+23 

1616  45.623    0.199     23.3        7  whx+23 
1617  37.825    -4.117    28.0        4  whx+23 
1618  41.655    -2.366    17.2        7  whx+23 
1619  42.466    -1.803    18.4        9  whx+23 
1620  42.623    -1.614    36.0       11  whx+23 

1621  43.338    -1.295    24.8        7  whx+23 
1622  44.707    -0.651    9.5         0  pkj+21 
1623  46.170    0.180     0.0           0  *
1624  48.275    1.200     22.9       12  whx+23 
1625  50.552    2.468     46.2        9  whx+23 

1626  42.772    -2.047    380.4      11  whx+23 
1627  42.801    -2.076    0.0           0  *
1628  43.538    -1.493    24.1        5  whx+23 
1629  43.674    -1.448    72.0          3  whx+23 
1630  44.556    -1.019    12.2        2  whx+23 

1631  45.031    -0.790    110.0         4  whx+23 
1632  45.099    -0.638    35.8        7  whx+23 
1633  47.576    0.451     9.8         2  whx+23 
1634  64.627    9.430     11.7        3  dmo+24 
1635  42.769    -2.209    0.0           0  *

1636  43.575    -1.892    64.5       12  whx+23 
1637  48.260    0.624     8.30       10  whx+23 
1638  55.785    4.553     32.8        8  whx+23 
1639  49.096    0.866     24.9        7  whx+23 
1640  49.894    1.360     212.1      14  whx+23 

1641  36.506    -6.151    35.7        7  whx+23 
1642  37.582    -5.563    76.1        9  whx+23 
1643  47.895    -0.088    37.1       11  whx+23 
1644  50.954    1.642     22.5       11  whx+23 
1645  51.897    1.987     74.6       12  whx+23 

1646  59.535    5.993     18.1        7  whx+23 
1647  45.784    -1.590    81.0          3  whx+23 
1648  46.152    -1.199    43.0          2  whx+23 
1649  60.068    6.027     25.7        4  whx+23 
1650  27.417    -10.977   60.0       10  bsb+19 

1651  43.710    -2.934    3.30       10  whx+23 
1652  49.058    0.021     40.2        7  whx+23 
1653  50.350    0.609     0.0           0  *
1654  50.949    1.138     0.0           0  *
1655  53.869    2.672     129.2      16  whx+23 

1656  54.172    2.621     39.1        8  whx+23 
1657  55.777    3.501     43.1        7  whx+23 
1658  31.724    -9.032    0.0           0  *
1659  46.762    -1.601    51.0          3  whx+23 
1660  52.080    1.230     11.9        5  whx+23 

1661  54.417    2.678     63.0          3  whx+23 
1662  55.278    2.935     52.1        6  whx+23 
1663  51.707    0.965     26.1        6  whx+23 
1664  74.715    12.643    23.5       12  whx+23 
1665  32.848    -8.944    0.0           0  *

1666  51.337    0.331     0.0           0  *
1667  51.422    0.562     0.0           0  *
1668  51.975    0.726     0.0           0  *
1669  53.782    1.725     39.0          3  whx+23 
1670  55.022    2.328     19.2        3  whx+23 

1671  52.179    0.590     0.0           0  *
1672  40.980    -5.674    27.1        6  whx+23 
1673  43.739    -4.256    156.4       6  whx+23 
1674  49.923    -1.039    148.0         3  whx+23 
1675  51.367    -0.226    0.0           0  *

1676  51.568    0.002     14.9        7  whx+23 
1677  51.859    0.063     19.8        3  whx+23 
1678  54.851    1.802     14.1        6  whx+23 
1679  30.751    -10.936   247.0         0  pkj+21 
1680  45.224    -3.705    7.0         3  whx+23 

1681  53.718    0.956     28.1        3  whx+23 
1682  53.811    0.941     50.8        3  dmo+24 
1683  56.983    2.730     81.0          3  whx+23 
1684  50.178    -1.220    0.0           0  *
1685  52.931    0.114     10.88       0  sjk+21 

1686  53.832    0.780     0.0           0  *
1687  54.281    1.016     86.0          4  whx+23 
1688  36.133    -8.726    85.0          5  whx+23 
1689  53.852    0.461     42.0        7  whx+23 
1690  54.879    1.018     16.0          0  pkj+21 

1691  56.117    1.751     9.2         4  whx+23 
1692  71.174    9.689     66.9       16  whx+23 
1693  49.124    -2.319    19.8        8  whx+23 
1694  49.745    -2.031    0.0           0  *
1695  52.790    -0.450    81.0          7  whx+23 

1696  50.539    -2.005    83.0          2  whx+23 
1697  51.406    -1.599    21.7        3  whx+23 
1698  55.134    0.451     14.0          0  pkj+21 
1699  35.974    -9.711    35.9       12  whx+23 
1700  47.382    -3.885    14.7       10  dmo+24 

1701  50.970    -2.071    59.0          4  whx+23 
1702  54.661    0.083     0.0           0  *
1703  55.575    0.639     8.00       10  whx+23 
1704  57.356    1.554     4.70       10  whx+23 
1705  2.072     -23.546   21.0          0  pkj+21 

1706  44.845    -5.565    13.0        8  whx+23 
1707  49.351    -3.127    31.7       18  whx+23 
1708  85.591    15.765    55.0          4  whx+23 
1709  58.966    1.814     8.6         7  whx+23 
1710  84.493    15.046    53.6       11  whx+23 

1711  48.613    -4.059    286.0         0  pkj+21 
1712  52.436    -2.093    9.1         2  whx+23 
1713  53.691    -1.313    14.4       13  whx+23 
1714  54.361    -0.999    0.0           0  *
1715  56.051    -0.053    40.4        2  whx+23 

1716  51.879    -2.465    32.0       19  whx+23 
1717  56.369    -0.084    35.0          3  whx+23 
1718  51.569    -2.981    69.0          6  whx+23 
1719  60.836    2.270     17.60      10  whx+23 
1720  64.504    4.115     72.7       18  whx+23 

1721  44.386    -7.101    23.7        6  whx+23 
1722  56.115    -0.672    0.0           0  *
1723  57.903    0.308     8.40       10  whx+23 
1724  62.107    2.562     40.2       17  whx+23 
1725  60.174    1.361     41.9        4  dmo+24 

1726  30.358    -15.063   0.0           0  *
1727  39.909    -10.434   34.0          0  pkj+21 
1728  48.004    -6.153    29.7       18  whx+23 
1729  50.799    -4.468    24.5        6  whx+23 
1730  61.037    1.263     118.2       3  dmo+24 

1731  76.846    9.864     25.4       16  whx+23 
1732  13.901    -21.824   11.0          0  pkj+21 
1733  73.641    8.066     106.0      15  whx+23 
1734  44.465    -8.641    20.2        2  whx+23 
1735  27.255    -17.158   22.0          0  pkj+21 

1736  22.314    -19.426   30.5        0  lylg95 
1737  49.984    -6.075    410.0         3  whx+23 
1738  55.588    -2.998    38.0          5  whx+23 
1739  38.565    -12.317   74.0          0  pkj+21 
1740  55.326    -3.500    49.3        9  whx+23 

1741  59.301    -1.070    59.0          3  whx+23 
1742  61.809    0.283     20.6        3  whx+23 
1743  62.321    0.595     137.0       2  dmo+24 
1744  27.080    -18.184   19.0          0  pkj+21 
1745  11.108    -24.121   23.0          0  pkj+21 

1746  47.713    -8.073    60.0          3  whx+23 
1747  56.987    -2.658    10.4        3  whx+23 
1748  55.544    -3.782    38.3        4  whx+23 
1749  62.207    0.131     17.0        8  whx+23 
1750  70.702    5.047     96.0        4  dmo+24 

1751  59.931    -1.423    51.3       15  whx+23 
1752  69.720    4.288     62.8        8  dmo+24 
1753  15.260    -23.380   21.0          0  pkj+21 
1754  66.087    1.749     87.0          6  whx+23 
1755  50.003    -7.738    48.0          3  whx+23 

1756  81.260    10.405    72.80       0  ccl+21 
1757  52.509    -6.576    10.5        3  whx+23 
1758  66.526    1.650     74.0       18  dmo+24 
1759  68.765    2.823     6.3        10  dmo+24 
1760  50.714    -8.083    36.2       17  dmo+24 

1761  64.205    0.059     61.2        3  dmo+24 
1762  64.926    0.374     25.8       11  whx+23 
1763  49.523    -8.995    50.0          5  whx+23 
1764  61.367    -1.872    5.3         4  whx+23 
1765  65.244    0.377     0.0           0  *

1766  74.043    5.699     6.6         4  whx+23 
1767  78.527    8.169     101.0         3  whx+23 
1768  66.116    0.697     56.1        3  dmo+24 
1769  48.295    -10.331   27.0          0  pkj+21 
1770  65.524    -0.225    29.6        6  dmo+24 

1771  84.584    11.013    0.0           0  *
1772  40.625    -14.718   28.4        5  tbc+20 
1773  65.879    -0.353    0.0           0  *
1774  67.350    0.691     34.2       12  whx+23 
1775  72.444    3.442     84.6       16  whx+23 

1776  66.549    -0.353    100.6      17  dmo+24 
1777  78.277    6.643     30.2       14  whx+23 
1778  37.635    -17.406   0.0           0  *
1779  55.998    -7.517    15.4        3  whx+23 
1780  76.611    5.288     51.34       5  mlk+24 

1781  66.812    -0.903    41.5       11  whx+23 
1782  65.030    -2.527    0.0           0  *
1783  71.425    1.571     140.3       9  whx+23 
1784  72.581    2.180     44.8       12  whx+23 
1785  72.706    2.139     23.1        3  whx+23 

1786  41.331    -16.629   95.7        0  dmo+24 
1787  68.667    -0.530    15.0        2  whx+23 
1788  77.118    4.731     22.373      8  mlk+24 
1789  34.101    -20.304   97.0          0  pkj+21 
1790  49.180    -12.787   0.0           0  *

1791  64.055    -4.107    34.8        7  dmo+24 
1792  69.478    -0.639    4.2         4  whx+23 
1793  74.710    2.898     56.0          5  whx+23 
1794  71.103    0.124     1018.4      3  dmo+24 
1795  67.210    -2.472    26.2        6  dmo+24 

1796  70.391    -0.495    51.3       16  whx+23 
1797  71.320    -0.049    487.3      18  dmo+24 
1798  69.485    -1.886    8.5         3  dmo+24 
1799  75.930    2.476     28.3        2  mlk+24 
1800  65.027    -5.261    605.1       3  dmo+24 

1801  61.376    -8.271    20.0        3  whx+23 
1802  67.729    -4.052    110.1       4  dmo+24 
1803  74.507    0.390     0.0           0  *
1804  68.099    -3.983    28.1        6  dmo+24 
1805  75.222    0.111     18.0          0  rhr+02 

1806  78.225    2.089     0.0           0  *
1807  68.863    -4.671    20.1        2  dmo+24 
1808  76.888    0.960     0.0           0  *
1809  87.862    8.380     24.2        3  whx+23 
1810  86.863    7.544     191.0       2  whx+23 

1811  63.538    -9.587    15.4        8  dmo+24 
1812  83.358    4.394     68.3        8  mlk+24 
1813  73.361    -3.008    0.0           0  *
1814  64.580    -9.833    24.0        4  whx+23 
1815  76.123    -1.438    17.0          4  mlk+24 

1816  82.340    2.885     0.0           0  *
1817  51.525    -18.726   0.0           0  *
1818  80.224    1.028     12.29      12  mlk+24 
1819  45.877    -22.196   139.0         3  whx+23 
1820  70.413    -7.382    47.1       15  dmo+24 

1821  90.368    7.308     46.7        8  whx+23 
1822  3.854     -36.740   42.0          0  pkj+21 
1823  61.286    -14.852   83.1       17  whx+23 
1824  70.612    -9.151    6.9        10  dmo+24 
1825  85.429    2.108     121.0        13  mlk+24 

1826  42.678    -27.387   34.4        0  lylg95 
1827  89.057    4.376     228.6      17  whx+23 
1828  67.453    -12.944   11.2        6  dmo+24 
1829  30.514    -33.077   84.0          0  pkj+21 
1830  59.361    -19.453   95.0          5  whx+23 

1831  87.206    1.618     167.07      8  mlk+24 
1832  321.869   -34.998   36.0          0  pkj+21 
1833  70.688    -12.520   0.0           0  *
1834  79.133    -5.589    25.2       10  dmo+24 
1835  9.698     -42.163   25.0          0  pkj+21 

1836  69.758    -17.958   0.0           0  *
1837  88.310    -1.445    0.0           0  *
1838  58.018    -26.561   0.0           0  *
1839  84.738    -5.158    88.0          5  whx+23 
1840  89.003    -1.266    203.0         2  mlk+24 

1841  73.817    -17.934   36.1       11  whx+23 
1842  326.392   -39.778   34.0          0  pkj+21 
1843  87.195    -7.109    65.6       19  whx+23 
1844  346.489   -46.490   0.0           0  *
1845  92.633    -4.020    0.0           0  *

1846  2.794     -49.466   65.0         10  dsb+98 
1847  97.521    -0.915    15.4        2  whx+23 
1848  20.728    -50.984   21.0          0  pkj+21 
1849  15.845    -51.577   31.0          0  pkj+21 
1850  61.150    -39.414   0.0           0  *

1851  92.574    -12.112   357.2      12  whx+23 
1852  98.385    -7.598    16.3        3  whx+23 
1853  106.647   2.949     18.0          0  mss+20 
1854  101.599   -7.708    0.0           0  *
1855  106.562   0.482     0.0           0  *

1856  82.809    -37.377   30.6       12  dmo+24 
1857  69.256    -50.620   17.0          0  pkj+21 
1858  3.605     -62.883   72.9        5  mke+20 
1859  91.595    -45.209   86.9        0  clh+20 
1860  108.961   -12.910   54.0       14  whx+23 

1861  49.394    -70.190   32.0          0  pkj+21 
1862  83.798    -64.015   61.0          0  pkj+21 
1863  106.530   -38.323   87.2        8  dmo+24 
