-3.046171e+00 2.072581e+01 
-5.584166e+00 -5.589909e+00 
1.205243e+01 -2.951929e+00 
3.068033e+00 8.545120e-01 
4.219526e+00 -5.574118e+00 
4.823299e-01 3.585696e+00 
2.571946e+00 2.766505e+00 
-2.536182e+00 1.562299e+00 
1.365220e+00 7.815764e+00 
-3.848894e+00 4.961599e+00 
1.504708e+00 3.104926e+00 
1.701843e+01 8.725329e+00 
-6.504775e+00 6.292902e-01 
2.743319e+00 -1.570034e+00 
1.876154e+00 -6.652330e-01 
7.040454e+00 -1.134418e+01 
6.337432e+00 8.145859e-01 
5.082719e+00 -7.178800e-01 
1.254474e+01 1.739276e+00 
3.980101e+00 -1.208707e+00 
1.186718e+00 -2.739991e-01 
4.270209e+00 1.589910e+00 
2.773962e+00 -2.331486e+00 
1.176167e+01 2.046849e+00 
7.419287e+00 -3.055636e+00 
2.310713e-01 -3.234464e+00 
7.355212e+00 4.330633e+00 
1.710010e+00 2.238322e+00 
8.560389e+00 -2.789340e+00 
1.861210e+00 -3.420088e+00 
1.687080e+00 -2.870068e+00 
6.018848e+00 -3.561047e-01 
1.596621e+00 2.560171e+00 
4.077695e+00 9.130844e+00 
-3.318738e+00 3.050904e+00 
-5.735727e-02 3.676940e-01 
7.368781e+00 -1.078959e+01 
4.631812e+00 1.505238e-01 
7.298092e+00 4.656669e+00 
3.755586e+00 4.439005e+00 
7.432709e-01 5.250215e-01 
1.669002e+01 6.209670e-01 
3.198737e+00 -3.995302e+00 
6.945402e+00 -5.865772e-01 
5.148997e+00 -1.835580e+00 
9.173379e+00 9.331000e-01 
8.599768e+00 -6.047600e+00 
5.989239e+00 4.782204e-01 
3.106452e+00 3.040987e+00 
4.123142e+00 2.204643e+00 
3.462574e+00 2.987402e+00 
1.116401e+01 2.526043e+00 
4.180997e+00 1.321233e+00 
5.823252e-01 -3.485553e-01 
5.116543e+00 4.936178e+00 
7.577897e+00 -1.654580e+00 
6.975549e+00 -4.203168e+00 
6.623918e+00 -5.554718e+00 
2.240906e+00 2.851906e+00 
7.468999e-01 -1.964430e+00 
7.248068e+00 2.258878e-01 
1.406686e+00 1.860478e+00 
6.615760e+00 -4.543064e+00 
1.664698e+00 -3.515130e+00 
2.354751e+00 -1.783952e+00 
5.035535e+00 -2.867979e-01 
1.163569e+00 2.777838e+00 
-8.741028e-01 -2.481720e-01 
9.204379e+00 2.309104e+00 
9.765222e-01 -2.770967e-01 
8.484859e-01 -3.895745e+00 
1.008076e+01 -5.784365e-02 
8.852331e+00 -8.932249e+00 
-3.245103e-01 4.402711e+00 
7.877093e+00 -8.374389e-01 
4.611847e+00 3.659957e+00 
7.570325e+00 4.540886e+00 
7.400264e-01 2.983363e+00 
2.531418e+00 3.146970e+00 
5.039313e+00 -2.748853e+00 
6.655099e+00 -5.572869e+00 
8.550848e+00 -3.455358e+00 
8.821835e+00 -3.719678e+00 
-9.592058e-01 -1.191043e+00 
7.760941e+00 6.261981e+00 
5.439640e-01 -1.002338e+00 
4.725911e+00 -4.900730e-01 
1.373073e+01 1.784065e+00 
4.687026e+00 -2.628984e+00 
7.430383e+00 -4.238744e-02 
7.703736e+00 -3.815474e+00 
1.018781e+01 -2.832473e+00 
-2.728633e+00 -7.520517e-01 
3.557596e+00 1.028497e+00 
6.256752e+00 -3.522484e-02 
5.194748e+00 -2.162808e+00 
2.452470e+00 -2.356098e-03 
4.354547e+00 -1.866840e+00 
2.622855e-02 -1.929084e+00 
4.916907e+00 4.312367e+00 
4.807325e+00 -7.961371e-01 
-4.994566e-01 1.050189e+00 
1.000404e+00 -5.813692e-01 
-8.145209e-01 -9.255730e+00 
-2.017392e+00 9.880194e-02 
5.605277e+00 2.044116e+00 
8.485541e+00 6.068996e+00 
3.635231e-01 -2.988276e+00 
1.190087e+01 -3.839839e+00 
5.192816e+00 2.430576e+00 
4.783853e+00 -6.123392e+00 
1.312954e+00 -1.947674e+00 
6.506095e-01 2.411049e-01 
5.309741e-01 -4.391172e+00 
1.138979e+00 -3.190671e+00 
1.011932e+00 -4.360540e+00 
4.601148e+00 5.151133e+00 
-2.714078e+00 7.175048e+00 
4.227784e+00 -2.070591e+00 
3.632575e+00 -2.400429e+00 
6.695503e+00 4.942703e+00 
4.596227e+00 8.360605e-02 
2.358257e+00 -1.669338e+00 
1.342418e+01 5.817082e-01 
9.641460e+00 7.373909e+00 
8.184750e+00 -4.953176e+00 
1.087537e+01 -2.168267e+00 
3.054340e+00 3.873373e+00 
1.282087e+01 -1.400128e+00 
1.310298e+01 -4.405645e-01 
5.065612e+00 1.554120e+00 
1.056329e+01 -5.949167e+00 
1.436608e+00 3.323386e+00 
1.686670e+00 -4.396342e+00 
1.095632e+00 -2.012720e+00 
2.337903e-01 -1.891400e-01 
2.581332e+00 2.533725e+00 
4.150256e+00 2.177721e-01 
8.388905e+00 7.232093e+00 
4.406602e+00 1.484560e+00 
2.441842e+00 2.788393e-02 
1.626458e-01 -2.624042e+00 
5.276850e+00 8.902891e+00 
2.083692e+00 1.935653e+00 
8.608903e+00 -4.303551e-01 
6.261079e+00 -5.090487e+00 
2.495561e+00 4.499689e-02 
1.688762e+00 3.511646e+00 
1.055273e+01 -3.191736e+00 
2.039767e+00 2.233391e+00 
5.689691e+00 -2.949090e+00 
1.507275e+00 -2.279331e+00 
4.744107e+00 -1.539256e+00 
1.245158e+01 6.780197e+00 
2.130237e+00 -2.179264e+00 
2.157702e+00 -2.359689e+00 
9.383296e+00 7.058403e+00 
5.181639e-01 2.790949e+00 
1.258039e+00 -5.388283e+00 
9.291855e+00 3.006413e+00 
3.861500e+00 2.610680e+00 
1.937427e+00 -1.416799e+00 
4.765935e+00 2.784744e+00 
7.641189e+00 -2.650764e+00 
6.820058e+00 1.193899e+00 
2.043831e+00 9.214965e+00 
6.116277e+00 -9.599596e-01 
1.672666e+00 2.803706e+00 
1.030975e+01 -7.622429e-01 
6.078951e+00 2.267093e+00 
6.396273e+00 -3.044342e-01 
6.310734e+00 -2.776848e+00 
6.568033e+00 -1.367707e+00 
1.276683e+00 -1.775856e+00 
5.013324e+00 5.824322e+00 
1.924919e+00 -4.999047e+00 
4.592419e+00 -6.476851e-01 
8.138630e+00 -3.713948e+00 
7.469821e+00 -6.563963e+00 
9.711678e+00 1.185377e+00 
7.509315e+00 -4.520397e-01 
9.265116e+00 2.926250e+00 
9.103568e+00 -1.765514e+00 
2.470600e+00 1.436683e+00 
4.665666e+00 -4.782389e+00 
4.406179e+00 -4.036813e+00 
6.657921e+00 -1.535567e+00 
4.348191e+00 -4.519893e+00 
4.612431e+00 -2.686782e+00 
7.308207e+00 2.921607e+00 
3.863585e+00 3.567575e-01 
6.575307e+00 -2.484882e+00 
1.007996e+01 -1.843856e+00 
3.315841e+00 -1.436925e+00 
7.688032e+00 -2.502777e+00 
6.669709e+00 5.039189e-01 
1.464222e+00 -3.348911e+00 
6.564102e+00 1.747032e+00 
4.426310e+00 2.356500e+00 
4.088200e+00 7.345749e+00 
8.779345e+00 4.766582e+00 
1.914643e+00 -5.446249e+00 
2.273350e+00 5.322436e-02 
5.513565e+00 -5.291633e+00 
8.740192e+00 2.186922e+00 
1.369180e+01 -2.891656e+00 
9.712986e+00 -1.815919e-01 
4.769255e+00 -6.331697e+00 
6.361792e+00 8.783963e-01 
8.364669e+00 7.123090e+00 
1.317227e+00 -2.401112e+00 
1.446955e+00 -2.889025e+00 
9.159614e+00 2.227981e+00 
-3.847175e-01 -7.683383e+00 
9.303386e+00 5.364421e+00 
3.688383e+00 -2.366841e-01 
4.902475e+00 5.419655e-01 
3.424603e+00 -6.415176e+00 
8.258175e+00 1.059527e+00 
7.678374e+00 -9.902632e-01 
6.036220e+00 7.381329e-01 
5.840609e+00 1.792177e-01 
3.672826e+00 1.776994e+00 
2.124191e+00 -2.426589e+00 
7.768349e+00 2.618110e+00 
9.812825e+00 -1.791860e+00 
4.425887e+00 -6.571432e+00 
3.924171e+00 -2.244954e+00 
-1.605566e+00 4.924802e-01 
7.224472e+00 1.246085e+00 
3.039648e+00 -1.823981e+00 
2.290660e+00 -1.269690e+00 
7.392351e-01 -6.737272e-01 
6.967823e+00 -1.747233e+00 
5.015493e+00 -5.875485e-01 
7.100470e+00 -3.464800e+00 
7.650710e+00 1.754203e+00 
8.690691e+00 -4.413803e-01 
2.000726e+00 1.528931e-01 
4.325303e+00 4.451882e+00 
7.435807e+00 2.469479e+00 
4.634507e+00 3.285389e+00 
3.942700e+00 -5.827014e+00 
7.956531e+00 6.936431e-01 
1.270516e+01 -7.000852e-01 
-6.892831e-01 2.688749e+00 
7.854181e+00 -1.579805e+00 
7.994554e+00 -6.283450e-01 
5.632797e+00 -4.627932e-01 
-1.435320e+00 -2.040420e+00 
4.805779e+00 1.923793e+00 
5.045265e+00 -4.674062e+00 
6.994645e+00 8.594183e-01 
1.123219e+01 7.497964e+00 
8.192087e+00 3.858052e+00 
9.822065e+00 -6.804124e+00 
5.209312e+00 9.555220e-01 
6.053622e+00 5.444486e+00 
6.511678e+00 -2.137577e+00 
6.734525e+00 -1.232085e+00 
4.802601e+00 5.397934e+00 
5.240454e+00 2.374520e+00 
7.011787e+00 -5.547175e+00 
8.543885e+00 2.264991e+00 
7.359024e+00 -6.712025e-01 
9.460316e+00 -1.989718e+00 
3.202773e+00 3.184109e+00 
5.133699e+00 -2.725501e+00 
1.376726e+01 -3.209088e+00 
8.521826e+00 5.358081e+00 
3.633653e+00 -1.351444e+00 
4.167889e+00 -3.394641e+00 
8.145603e+00 -7.506097e-02 
4.249317e+00 6.691812e+00 
1.374869e+01 1.304255e+00 
1.266907e+00 -1.806553e+00 
6.530586e+00 6.802053e+00 
9.449401e+00 -9.873643e-01 
1.042539e+01 -4.562073e+00 
6.491122e+00 -1.978540e+00 
7.953410e+00 -3.831234e+00 
3.240688e+00 -1.093971e+00 
8.583884e+00 3.787983e+00 
7.110984e+00 2.106782e+00 
6.809058e+00 -2.517330e+00 
-1.631754e-01 2.685629e+00 
5.932823e+00 -4.356687e-01 
7.461389e+00 2.496593e+00 
5.131237e+00 -5.916920e-01 
5.999324e+00 1.378436e+00 
7.284378e+00 -4.529838e+00 
5.699009e+00 -5.074293e+00 
1.547751e+00 -4.806686e+00 
2.360625e+00 4.287169e-01 
3.221106e+00 -8.958857e-01 
8.673595e+00 -3.719562e-01 
7.102544e+00 5.607066e-01 
1.091553e+01 2.186206e-01 
6.740975e+00 -9.008340e-01 
8.537338e+00 7.149821e+00 
6.278296e+00 -3.854483e-01 
6.085004e+00 -3.705921e+00 
2.452572e+00 2.780768e+00 
4.797518e+00 6.137125e-01 
1.113772e+01 3.218308e+00 
1.185502e+01 7.763883e-01 
7.817408e+00 1.623038e+00 
5.108766e+00 4.892393e+00 
5.421763e+00 1.233869e+00 
7.359565e+00 -4.974886e+00 
1.280764e+01 1.993775e+00 
7.500241e+00 -3.511351e+00 
9.052805e+00 -1.463894e+00 
1.154323e+01 3.811590e+00 
3.957409e+00 -4.625676e+00 
3.904667e+00 2.029497e+00 
4.539640e+00 4.991824e-01 
7.598478e+00 6.639046e-02 
5.362322e+00 4.591286e+00 
8.033136e+00 2.097599e-01 
1.655596e+00 -1.470083e+00 
6.059104e+00 1.754631e+00 
5.361956e+00 -9.503665e+00 
7.679829e+00 2.482049e+00 
9.264221e+00 7.395406e-01 
9.350616e+00 -2.260180e+00 
8.416909e+00 -2.449609e+00 
7.659956e+00 3.250009e-01 
9.969677e+00 -5.749320e+00 
6.421249e+00 -3.279641e+00 
6.321492e+00 4.272184e-01 
4.104668e+00 -1.194278e-02 
1.351369e+01 -1.650502e+00 
1.322507e+01 1.185036e+00 
4.775101e+00 -3.946424e+00 
1.172467e+01 -1.054915e+00 
9.777510e+00 -5.613033e-02 
7.986005e+00 7.796152e-01 
5.033807e+00 -2.775649e+00 
8.204882e+00 -2.667501e+00 
4.881212e+00 2.299541e+00 
6.676258e+00 1.827214e+00 
6.316433e+00 4.441074e-01 
2.318567e-01 3.204255e+00 
1.168654e+01 6.511595e-01 
9.615101e+00 2.143914e+00 
9.270923e+00 -9.048919e-01 
1.039953e+01 3.408728e+00 
7.333288e+00 6.319523e+00 
1.004376e+01 -5.243909e-01 
7.679113e+00 2.181260e+00 
7.210103e+00 1.629356e+00 
8.530285e+00 8.738879e-02 
7.806759e+00 -3.808852e-01 
1.016370e+01 1.412005e+00 
4.728307e+00 -1.146048e+00 
1.620795e+00 -5.046035e+00 
2.030422e+00 7.353884e-01 
1.111940e+01 7.548894e-01 
7.438308e+00 4.179689e-01 
1.914877e+00 -5.892127e-01 
1.071209e+01 -4.244610e+00 
1.002156e+01 -5.304352e+00 
7.982467e+00 2.136992e+00 
4.019866e+00 1.685377e+00 
7.648998e+00 5.064912e+00 
2.990395e+00 -1.627420e+00 
6.652556e+00 -3.913033e+00 
1.094797e+01 1.852017e+00 
5.463839e+00 2.671254e+00 
1.796247e+00 4.342506e+00 
9.461464e+00 7.298159e-03 
8.201867e+00 1.856643e-02 
4.132609e+00 -1.012991e+00 
3.260363e+00 -6.136812e-01 
2.751410e+00 2.914825e+00 
5.901282e+00 3.978729e+00 
2.542278e-01 -3.315396e-01 
3.861985e+00 -5.718954e+00 
5.198882e+00 -5.068363e-01 
8.484033e+00 -4.035228e-01 
1.029152e+01 1.736536e+00 
2.630693e+00 -4.142859e-01 
9.309930e+00 1.219027e+00 
9.015999e+00 -2.774206e-01 
8.965915e+00 -1.621463e+00 
5.390523e+00 8.423533e-01 
4.538996e+00 -1.777571e+00 
9.789186e+00 -8.092919e-01 
9.117858e+00 -1.792660e+00 
8.706436e+00 -1.287460e+00 
7.909430e+00 -7.600690e-01 
3.203209e+00 1.175124e+00 
1.341149e+01 5.565364e+00 
3.041857e+00 3.255577e-01 
2.012593e+00 3.653795e+00 
8.080314e+00 3.796037e-01 
3.688085e+00 -6.629964e-01 
6.041854e+00 -1.553236e+00 
9.409653e+00 -3.684274e+00 
8.330775e+00 8.086277e-01 
8.300266e+00 -3.074625e+00 
5.651480e+00 3.207724e+00 
8.081560e+00 -3.964210e+00 
6.759105e+00 -2.714014e+00 
9.354034e+00 -2.851859e+00 
7.795070e+00 7.620732e-01 
4.184648e+00 -3.813416e-01 
4.238006e+00 3.143528e+00 
4.821058e+00 1.650832e+00 
7.306254e+00 -9.569893e-01 
6.095865e+00 3.816466e-01 
6.847443e+00 -9.102499e-01 
1.105025e+01 7.639866e+00 
8.490885e+00 1.499217e+00 
3.479245e+00 -7.636066e-01 
6.356101e+00 -1.154018e+00 
9.353099e+00 -5.198909e+00 
3.884498e+00 1.228360e+00 
8.613719e+00 -5.650137e+00 
8.180663e+00 -1.658678e+00 
5.080535e+00 2.203959e+00 
8.971869e+00 4.025123e+00 
4.429597e+00 -1.104064e+00 
9.094325e+00 -4.394161e-02 
8.840744e+00 3.257208e-02 
4.851467e+00 -1.198101e+00 
7.405400e+00 -6.287972e+00 
8.426884e+00 9.759063e-01 
1.155035e+01 -7.509027e-01 
5.903352e+00 -2.153023e+00 
8.788886e+00 -2.701106e-01 
5.561499e+00 3.644303e+00 
2.195304e+00 -2.520028e-01 
3.758335e+00 9.421979e-01 
1.240587e+01 -4.968548e+00 
4.974844e+00 4.130082e+00 
3.516229e+00 -3.206863e+00 
4.800497e+00 -5.172572e-01 
4.049777e+00 9.618930e-01 
7.559156e+00 4.315525e+00 
3.769183e+00 7.399327e-01 
1.283561e+01 -1.012718e+00 
4.458731e+00 -1.409805e+00 
5.242362e+00 3.771854e-01 
7.165228e+00 5.404546e+00 
3.829082e+00 -1.583931e+00 
7.952789e+00 8.181012e+00 
7.645861e+00 1.103097e+00 
6.537886e+00 -1.051513e+00 
7.238436e+00 2.894823e+00 
6.844317e+00 -2.465081e+00 
1.185424e+01 -3.228855e+00 
5.070751e+00 1.378586e-01 
7.877269e+00 3.647279e+00 
1.517562e+01 5.178882e+00 
8.707856e+00 -5.146805e+00 
6.297222e+00 5.924849e+00 
7.816213e+00 5.691386e-01 
4.787919e+00 3.638655e+00 
9.315104e+00 4.640585e+00 
4.942628e+00 -2.843722e-01 
7.946547e+00 6.677611e-01 
8.326455e+00 3.852496e-01 
8.121445e+00 4.506204e-01 
1.080649e+01 -1.589382e+00 
6.698695e+00 -6.693951e-01 
9.530353e+00 2.273535e-01 
8.228078e+00 1.989742e+00 
7.815539e-01 -2.635161e-01 
3.643465e+00 -1.015749e+00 
2.858350e+00 -1.470866e+00 
8.702535e+00 7.245651e-01 
1.131151e+01 -4.349031e-01 
4.680530e+00 1.510824e+00 
1.100984e+01 4.620536e+00 
4.710949e+00 -1.111901e+00 
4.503263e+00 -4.460282e+00 
4.820461e+00 -3.991008e+00 
7.486075e+00 4.790588e-01 
7.245825e+00 -1.003514e+00 
3.436270e+00 5.282990e+00 
2.463096e+00 -1.305201e+00 
1.081464e+01 4.582878e-01 
4.573532e+00 1.832614e+00 
7.630794e+00 -4.775732e-01 
1.120498e+01 -3.598435e+00 
6.791240e+00 -5.828112e-01 
7.334773e+00 -1.729114e-01 
1.792362e+00 -1.745374e+00 
9.215575e+00 4.139764e+00 
1.724166e+00 -6.069990e-02 
4.085486e+00 -7.970873e-01 
3.320964e+00 -3.941261e+00 
3.902454e+00 -2.675154e-02 
4.564551e+00 1.291167e+00 
3.343852e+00 -1.849823e+00 
-6.468578e-01 -3.507630e+00 
4.860021e+00 8.287856e-01 
8.740405e+00 3.997027e-01 
1.350633e+01 2.397214e+00 
3.272479e+00 -8.023438e-01 
1.148232e+01 -3.094275e+00 
8.520263e+00 -9.090891e-02 
5.136214e+00 -2.540096e+00 
7.674566e+00 -2.697147e+00 
8.576362e+00 5.428591e+00 
7.756546e+00 1.774757e+00 
9.888884e+00 2.069472e+00 
7.116270e+00 3.509213e-03 
8.965991e+00 1.218619e+00 
1.171855e+01 7.587838e-01 
9.673409e+00 -5.533189e-01 
8.442102e+00 -3.599237e+00 
3.069224e+00 -2.748232e+00 
1.197688e+01 3.152901e+00 
4.057537e+00 1.186934e+00 
9.567759e+00 -4.041105e+00 
6.503885e+00 3.368038e+00 
3.474019e+00 -1.053932e+00 
9.153571e+00 -7.350846e-01 
7.130622e+00 5.264844e+00 
-4.600673e-01 4.196147e-01 
6.574232e+00 2.086403e+00 
6.156333e+00 -2.957084e-01 
4.494804e+00 3.499970e+00 
7.915836e+00 8.232209e-01 
8.886191e+00 5.169187e+00 
5.219896e+00 2.788586e+00 
8.140642e+00 -4.717616e+00 
6.103164e+00 3.319035e+00 
1.290504e+00 -2.709433e+00 
6.872324e+00 4.402866e-01 
9.877709e-02 4.672216e-01 
9.457334e+00 1.972180e-01 
9.647816e+00 -1.199426e+00 
4.969134e+00 -3.062973e+00 
7.191152e+00 4.689666e+00 
7.897238e+00 -4.977425e-01 
9.700684e+00 2.342184e+00 
-3.028337e+00 -3.487287e+00 
5.591360e+00 -1.560493e+00 
4.140457e+00 -1.730906e+00 
1.066071e+01 -1.999171e-01 
7.622663e+00 4.293352e-01 
8.103396e+00 4.409268e+00 
8.140995e+00 -9.652234e-01 
7.107456e+00 -2.882595e-01 
6.199448e+00 9.130181e-01 
2.986464e+00 2.829133e+00 
6.910856e+00 1.852664e+00 
1.170297e+01 3.058551e+00 
6.005733e+00 -1.586067e+00 
8.609414e+00 2.139353e-01 
9.718711e+00 5.612563e-01 
6.371753e+00 1.429375e+00 
7.964027e+00 1.117193e-01 
5.897479e+00 2.499833e+00 
4.845601e+00 -7.732586e-01 
1.146394e+01 -3.639263e+00 
9.477746e+00 4.306347e-01 
1.042099e+01 1.484285e+00 
6.758721e+00 -2.214097e+00 
8.179470e+00 -1.812647e+00 
4.427283e+00 9.144484e-01 
2.819178e+00 -1.612159e+00 
4.346658e+00 -6.829615e-01 
8.675341e+00 1.532238e-01 
5.032567e+00 -6.726986e-01 
7.253859e+00 5.079911e+00 
9.893706e+00 -5.326855e+00 
8.492816e+00 2.317447e+00 
6.742598e+00 -1.206007e-01 
8.060262e+00 8.040684e-01 
5.359588e+00 -1.109194e+00 
6.658572e+00 2.059424e+00 
3.662801e+00 2.527005e+00 
7.927938e+00 -1.209610e+00 
4.167050e+00 -1.876412e+00 
1.865656e+00 -5.109970e-01 
8.581803e+00 -1.930336e+00 
3.975825e+00 3.289563e+00 
1.155285e+00 2.169429e-01 
5.096167e+00 6.985378e-01 
9.353237e+00 1.792491e+00 
7.970460e+00 4.289062e+00 
4.499426e+00 -1.183885e+00 
7.521624e+00 -2.299705e-01 
8.926331e+00 2.054277e-01 
7.235507e+00 -1.172932e+00 
6.008988e+00 3.516299e-01 
6.364612e+00 4.941275e-01 
4.686698e+00 2.526981e+00 
7.998011e+00 -3.326474e+00 
7.711094e+00 -3.091006e+00 
7.482594e+00 1.122079e+00 
1.015986e+01 2.615808e+00 
7.178759e+00 3.644162e-01 
1.105810e+01 1.949742e-01 
8.831597e+00 -3.044553e+00 
6.845965e+00 -1.463010e+00 
7.836822e+00 1.130714e+00 
8.789399e+00 1.421701e+00 
1.118249e+01 -5.379311e+00 
7.044070e+00 2.499701e+00 
5.137799e+00 5.273363e-01 
3.249809e+00 5.107632e-01 
4.679860e+00 -2.509171e+00 
5.651971e+00 -2.285654e+00 
6.426537e+00 7.173193e-01 
7.927724e+00 1.356902e+00 
4.175862e+00 -1.409089e-01 
8.112210e+00 -1.551484e+00 
4.486267e+00 1.619732e+00 
1.121899e+01 -1.056832e+00 
7.347739e+00 -3.229038e+00 
4.330189e+00 -1.882261e+00 
5.353164e+00 -3.241256e-01 
8.423761e+00 2.068541e+00 
7.730179e+00 -1.946699e-01 
6.543683e+00 3.369412e+00 
6.459261e+00 -1.197335e+00 
1.080790e+01 1.232026e+00 
8.205130e+00 -7.453090e-02 
8.946956e+00 1.061407e+00 
5.563273e+00 -3.150587e+00 
8.693384e+00 5.786406e-01 
9.290063e+00 -4.047791e+00 
6.774237e+00 -5.014529e+00 
1.136264e+01 2.426451e+00 
9.679552e+00 8.084585e-01 
1.305080e+01 -1.495422e+00 
5.551833e+00 -6.511848e-01 
4.604495e+00 2.337025e+00 
9.700160e+00 -3.547279e+00 
6.101872e+00 -8.683164e-03 
9.407814e+00 -2.380856e+00 
8.119104e+00 -2.328618e+00 
7.124383e+00 -1.210216e+00 
5.690564e+00 -8.101108e-01 
1.677087e+00 -1.871335e-01 
6.265207e+00 2.275955e+00 
9.862094e+00 1.207216e+00 
9.563882e+00 -1.411400e+00 
4.042894e+00 1.415593e+00 
3.814282e+00 -9.776648e-01 
3.929356e+00 -6.015438e+00 
4.959732e+00 -5.674347e+00 
8.655159e+00 2.826193e-01 
6.413806e+00 3.068762e+00 
7.891881e+00 1.857295e+00 
4.055067e+00 1.004032e+00 
1.446997e+01 -2.047478e-01 
6.362991e+00 2.946455e+00 
6.525878e+00 -3.205613e+00 
4.341874e+00 -5.133788e+00 
6.458126e+00 2.564745e+00 
7.685866e+00 2.137384e+00 
7.105908e+00 4.189463e-01 
5.061076e+00 5.837984e-01 
7.211450e+00 -1.163569e+00 
7.064844e+00 2.174479e+00 
9.601910e+00 1.536314e+00 
7.570875e+00 2.800919e+00 
6.657004e+00 -1.163985e+00 
7.670632e+00 3.671502e-01 
8.672644e+00 -2.299522e+00 
4.925592e+00 1.816721e+00 
5.331765e+00 5.639343e+00 
7.080578e+00 -1.887003e+00 
6.633884e+00 -1.016366e+00 
6.937656e+00 -3.451002e+00 
5.073140e+00 1.939481e+00 
7.198970e+00 -5.862386e+00 
1.057912e+01 -1.728756e-01 
1.004963e+01 3.974535e+00 
5.320791e+00 -1.551709e+00 
9.091870e+00 -5.174426e+00 
8.678140e+00 -1.232795e+00 
5.058195e+00 -5.089733e+00 
3.951700e+00 1.604964e+00 
6.663091e+00 -8.646129e-01 
8.519125e+00 3.705960e-01 
3.482538e+00 8.729766e-01 
5.160664e+00 -3.424461e+00 
7.387663e+00 -2.570001e+00 
8.634490e+00 -9.209731e-01 
4.402756e+00 -1.835177e+00 
5.752675e+00 1.260082e+00 
5.310844e+00 2.122684e+00 
7.251004e+00 -2.441109e+00 
9.614757e+00 -1.201075e+00 
8.761675e+00 2.318127e+00 
4.352627e+00 1.766674e-01 
1.051374e+01 3.641460e-01 
8.162301e+00 4.270690e-01 
8.014903e+00 -4.108773e+00 
8.784482e+00 4.475572e+00 
9.588270e+00 8.316851e-02 
1.628443e+00 -1.055390e+00 
5.181301e+00 2.750073e+00 
7.125462e+00 -7.611776e-01 
9.772946e+00 4.083414e+00 
7.003243e+00 4.364368e+00 
9.735985e+00 -2.500872e+00 
1.107331e+01 -8.402461e-01 
8.123390e+00 3.722605e+00 
9.042008e+00 -2.687612e+00 
9.208974e+00 1.575195e-01 
4.412668e+00 1.178076e+00 
4.470437e+00 -1.588236e+00 
9.331188e+00 -5.480952e-01 
4.861474e+00 1.009299e+00 
4.250964e+00 -3.508583e-01 
7.845547e+00 -2.064477e+00 
6.378125e+00 -4.774436e+00 
7.046410e+00 2.097155e+00 
6.195209e+00 1.524324e+00 
6.040935e+00 1.344667e+00 
7.742410e+00 -1.168613e+00 
5.500551e+00 2.174414e+00 
1.152808e+01 3.471408e+00 
7.287306e+00 -2.611974e+00 
1.024958e+01 2.521983e-01 
6.002965e+00 -9.925195e-01 
4.688870e+00 4.550413e-01 
5.473682e+00 1.843819e+00 
8.346362e+00 2.968458e+00 
8.988919e+00 5.451842e-01 
1.015308e+01 4.212155e-02 
8.096678e+00 2.053749e+00 
2.535220e+00 7.805219e-01 
9.949350e+00 1.100932e+00 
1.202249e+01 4.859306e+00 
3.626966e+00 4.081190e+00 
8.610052e+00 -2.058083e+00 
8.228860e+00 2.475495e+00 
6.007953e+00 3.291714e+00 
8.247992e+00 -8.459607e-01 
8.270563e+00 -2.761340e+00 
1.078681e+01 6.590191e-01 
5.475223e+00 -2.292201e+00 
7.503025e+00 -5.380770e-01 
1.097895e+01 7.936416e-01 
9.095365e+00 2.810215e+00 
4.083548e+00 1.738726e+00 
5.351572e+00 -1.133628e+00 
4.996056e+00 3.793530e+00 
3.595195e+00 1.641705e+00 
1.226109e+01 9.318425e-01 
8.298348e+00 -8.963283e-01 
1.056871e+01 2.306799e+00 
8.739248e+00 1.437661e+00 
3.643932e+00 7.713089e-01 
7.897184e+00 2.048091e+00 
5.516613e+00 -2.496868e-01 
7.145365e+00 -1.159926e+00 
3.488720e+00 -3.297521e-01 
4.981631e+00 1.500587e+00 
8.583901e+00 -6.737055e-01 
3.188637e+00 -5.870511e+00 
7.666198e+00 -2.456201e+00 
6.381207e+00 -6.705363e-01 
6.711968e+00 -1.112037e+00 
7.341752e+00 -2.127495e+00 
8.104721e+00 2.788629e-01 
1.079487e+01 -1.633165e+00 
6.707021e+00 5.985649e+00 
5.503593e+00 -4.771870e+00 
7.344298e+00 -1.064264e+00 
7.954220e+00 -2.030696e+00 
6.611777e+00 -1.656979e+00 
4.853199e+00 -7.893551e-02 
6.266799e+00 -2.736177e+00 
7.176976e+00 2.850486e+00 
1.054405e+01 1.844785e+00 
6.712621e+00 2.263513e-01 
9.125636e+00 -5.507284e-01 
7.403372e-01 3.226361e+00 
7.627974e+00 1.142839e+00 
1.047904e+01 1.238692e+00 
4.949706e+00 6.113094e-01 
9.150096e+00 2.415936e+00 
7.190467e+00 -3.469262e-01 
5.678182e+00 4.689133e-01 
4.149035e+00 6.100921e-01 
6.384949e+00 -1.941666e+00 
5.703402e+00 9.446618e-01 
7.869936e+00 1.348058e+00 
8.209219e+00 1.622271e+00 
1.076415e+01 4.431307e-01 
7.800104e+00 4.155537e-02 
6.349809e+00 1.840965e+00 
1.253161e+01 -1.383958e+00 
6.475598e+00 1.066573e+00 
8.414487e+00 -1.729965e-01 
7.664227e+00 -1.572049e+00 
6.714710e+00 -1.134729e+00 
7.472320e+00 1.055904e+00 
5.202347e+00 1.613284e+00 
1.138153e+01 -1.371508e+00 
6.360476e+00 -6.636284e-01 
8.381598e+00 1.058258e+00 
3.718649e+00 -1.255687e+00 
1.045657e+01 1.797231e+00 
5.390091e+00 8.373684e-01 
1.014349e+01 -2.989586e+00 
1.423202e+01 4.439989e+00 
6.402058e+00 1.419808e+00 
5.928342e+00 2.404214e+00 
7.575022e+00 4.125671e+00 
6.654438e+00 5.736791e+00 
7.323247e+00 -7.056399e-01 
8.464060e+00 4.520588e-02 
6.195432e+00 4.842263e-01 
8.043505e+00 -2.019630e-01 
6.114052e+00 -6.135856e-02 
1.042408e+01 1.917215e+00 
9.618300e+00 6.939376e-01 
8.919698e+00 3.210148e+00 
9.846227e+00 1.788215e+00 
6.482125e+00 4.841968e-01 
7.353170e+00 -3.169611e+00 
4.090092e+00 -9.102222e-01 
8.384321e+00 5.531829e-01 
1.005511e+01 1.422923e+00 
6.912833e+00 -1.408019e+00 
9.889441e+00 -1.027321e+00 
7.046827e+00 -2.855555e+00 
1.110643e+01 -8.389878e-01 
6.323670e+00 -1.168401e+00 
8.029010e+00 1.481475e+00 
5.253426e+00 4.177641e-01 
4.631557e+00 8.507963e-01 
9.820956e+00 -2.345387e+00 
6.945512e+00 -8.661048e-01 
5.578667e+00 -2.962050e+00 
1.083395e+01 9.987444e-01 
8.310656e+00 2.052365e+00 
6.223544e+00 -1.528617e+00 
5.071245e+00 2.493073e+00 
5.449821e+00 9.203668e-01 
7.392084e+00 -1.885237e+00 
1.029765e+01 -1.601361e+00 
6.577857e+00 -9.281850e-01 
9.492975e+00 -1.820983e+00 
1.068814e+01 -1.154139e+00 
6.108667e+00 -1.270027e+00 
6.932947e+00 -1.753197e+00 
6.162083e+00 -8.629636e-01 
8.060441e+00 1.273955e+00 
7.163990e+00 1.293061e+00 
5.698354e+00 4.112373e-01 
9.170222e+00 -2.222813e+00 
7.304802e+00 2.247054e+00 
5.706520e+00 -3.083160e+00 
9.244778e+00 -1.860791e-01 
6.979059e+00 -1.377593e+00 
4.268019e+00 2.488397e+00 
7.953995e+00 7.841088e-01 
6.316404e+00 1.727641e+00 
9.307261e+00 8.606821e-01 
4.717469e+00 1.050405e+00 
5.152726e+00 -5.193976e-01 
6.304487e+00 -7.247100e-02 
3.945902e+00 -8.714861e-01 
5.326680e+00 -9.616855e-01 
1.231269e+01 -2.700216e+00 
4.365059e+00 -2.504558e+00 
9.934979e+00 8.916499e-01 
7.890850e+00 2.603191e+00 
1.095724e+01 3.828116e+00 
9.569398e+00 7.761633e-01 
1.084702e+01 2.678773e+00 
8.280184e+00 1.427654e+00 
6.534309e+00 1.958183e+00 
1.332429e+01 -4.609208e-01 
4.679742e+00 5.838880e-01 
5.897927e+00 -3.211062e-01 
7.551807e+00 -1.043377e+00 
5.503005e+00 1.087501e+00 
7.994952e+00 -1.871180e+00 
4.572192e+00 2.258768e+00 
7.111066e+00 -4.158525e+00 
8.407805e+00 2.360429e+00 
1.133758e+01 2.741617e+00 
9.147036e+00 -2.251393e+00 
7.203223e+00 -2.730115e+00 
6.428468e+00 -4.742125e+00 
1.065466e+01 -2.505393e+00 
8.567175e+00 1.869438e+00 
6.335562e+00 -8.893358e-01 
7.835630e+00 -1.956749e-01 
5.504404e+00 -2.292795e+00 
4.310899e+00 1.337849e+00 
7.902320e+00 -1.842333e+00 
9.910402e+00 2.384792e+00 
1.943212e+00 1.972935e+00 
9.466186e+00 -1.924847e+00 
4.922062e+00 3.352243e+00 
6.931697e+00 1.477722e+00 
9.429259e+00 -2.504105e+00 
7.576565e+00 -1.720647e+00 
6.196424e+00 1.016055e+00 
7.289301e+00 1.494289e+00 
8.457819e+00 5.164666e-02 
4.946301e+00 1.799751e+00 
4.732480e+00 -3.966036e+00 
9.602710e+00 3.866925e+00 
1.172350e+01 2.025742e+00 
6.425258e+00 -1.344912e+00 
1.013208e+01 9.313742e-01 
8.630917e+00 -1.897673e-01 
7.888206e+00 1.054282e+00 
1.069115e+01 1.269891e+00 
8.909459e+00 2.071420e+00 
6.956967e+00 3.687249e+00 
5.288359e+00 2.376185e+00 
7.486759e+00 3.057854e+00 
5.992060e+00 -1.758475e-01 
5.844564e+00 -1.264842e+00 
1.181458e+01 8.900914e-01 
8.037380e+00 2.589642e+00 
8.533905e+00 -2.184211e-03 
8.358532e+00 1.450666e+00 
7.820978e+00 2.537780e+00 
6.991630e+00 1.168664e-01 
5.506592e+00 -1.286186e+00 
5.923513e+00 6.707545e-01 
1.004770e+01 -1.201467e+00 
7.382814e+00 3.731550e+00 
9.674296e+00 -4.198495e+00 
9.307776e+00 -9.211527e-01 
8.762741e+00 -5.694309e-01 
1.027459e+01 -3.749576e-01 
1.115648e+01 -3.763020e-01 
9.326029e+00 -2.677204e+00 
7.961574e+00 -7.022717e-01 
7.875124e+00 1.173350e+00 
7.413854e+00 1.286338e+00 
6.354500e+00 -2.196285e+00 
7.322048e+00 3.671278e-01 
5.524234e+00 1.845584e+00 
1.075754e+01 -3.099047e-01 
9.226153e+00 3.291983e+00 
8.006949e+00 -3.018309e+00 
7.077394e+00 1.395123e-01 
6.878619e+00 2.297136e+00 
7.070123e+00 -1.534364e+00 
9.093101e+00 2.124852e+00 
8.461610e+00 -2.223247e+00 
6.117176e+00 3.175532e+00 
7.747101e+00 2.809179e-02 
1.114810e+01 -2.433287e-01 
9.480243e+00 -1.228354e+00 
7.078631e+00 -6.205676e-01 
4.664226e+00 6.098926e-01 
4.458300e+00 8.604121e-01 
6.267465e+00 1.916448e+00 
1.003038e+01 -7.005314e-01 
4.544058e+00 -1.713498e+00 
6.234017e+00 -5.333644e-01 
1.241678e+01 -9.541987e-01 
1.269092e+01 2.818893e+00 
4.892031e+00 7.510642e-01 
8.419870e+00 3.204923e+00 
6.303847e+00 1.769633e+00 
8.455031e+00 1.553411e+00 
7.280071e+00 -1.987210e+00 
8.872059e+00 5.424287e+00 
7.209508e+00 -2.483909e-02 
5.101812e+00 -2.935304e-01 
6.908128e+00 1.692049e+00 
7.288952e+00 -1.872512e+00 
6.687582e+00 1.816189e+00 
7.952410e+00 -2.525916e+00 
6.685657e+00 -3.073209e+00 
7.218248e+00 4.804609e-01 
7.200525e+00 8.258817e-01 
6.349788e+00 -1.321862e+00 
9.416715e+00 2.626114e+00 
8.384482e+00 -1.612490e+00 
8.141107e+00 -1.359810e+00 
6.025769e+00 -2.644278e-01 
1.072033e+01 -4.966889e-01 
7.000160e+00 4.753934e-01 
6.678541e+00 -2.384065e+00 
8.377447e+00 1.422312e+00 
8.036855e+00 -1.838050e+00 
7.392797e+00 -1.198563e+00 
6.123804e+00 6.161126e-01 
8.020135e+00 3.710232e-03 
6.139383e+00 -1.305747e+00 
5.803668e+00 1.325637e+00 
9.281480e+00 1.319237e+00 
6.185984e+00 1.033345e+00 
6.335552e+00 3.365089e-01 
1.014396e+01 -2.425206e+00 
9.207010e+00 -1.022277e+00 
7.226982e+00 -4.975581e-01 
7.446579e+00 1.185171e-01 
4.642224e+00 4.413097e-01 
1.854720e+00 3.840823e+00 
-1.498996e+00 -5.378272e+00 
4.911204e+00 1.817471e+00 
4.917424e+00 3.804192e-01 
5.577209e+00 1.334215e+00 
1.171761e+01 -1.387765e-01 
9.891381e+00 1.324302e+00 
7.547278e+00 -1.390851e+00 
7.620856e+00 -3.385794e-01 
6.160051e+00 2.203877e+00 
5.491046e+00 -2.177710e+00 
8.591689e+00 2.334101e+00 
3.274811e+00 -1.556669e+00 
9.320504e+00 1.566370e+00 
1.063802e+01 -2.859867e+00 
3.621228e+00 -8.665372e-01 
5.581607e+00 1.044660e+00 
7.397386e+00 1.108550e+00 
9.653000e+00 -3.061853e-01 
1.165939e+01 1.897940e+00 
6.128095e+00 -1.139417e+00 
4.099576e+00 2.717785e+00 
1.009852e+01 -3.368851e+00 
1.031523e+01 -3.558495e-01 
1.123055e+01 -1.337929e+00 
6.820286e+00 3.105713e+00 
6.236470e+00 2.334970e+00 
1.080890e+01 1.021371e+00 
7.156466e+00 -1.555440e+00 
7.404400e+00 2.326912e+00 
7.953575e+00 1.976022e+00 
9.710358e+00 1.750725e+00 
6.253914e+00 -2.381744e+00 
4.399430e+00 -3.579156e+00 
9.481959e+00 1.675298e+00 
6.488163e+00 5.803598e-01 
5.571102e+00 2.468729e+00 
1.045416e+01 1.839674e+00 
9.643399e+00 1.713168e+00 
7.854795e+00 -1.534024e+00 
6.834535e+00 8.268202e-01 
9.490856e+00 -1.239282e+00 
1.118857e+01 2.919512e-01 
1.035150e+01 2.755703e+00 
6.621243e+00 -4.075100e+00 
5.051009e+00 -2.812512e-01 
5.289223e+00 1.418628e+00 
5.370298e+00 -2.393261e+00 
7.158488e+00 2.640860e+00 
8.908427e+00 -4.149499e-01 
7.074278e+00 4.086900e+00 
6.847236e+00 -3.146438e+00 
8.397776e+00 1.039963e+00 
1.069286e+01 -3.865851e+00 
9.124675e+00 4.685980e-01 
6.253492e+00 4.382259e-01 
7.152065e+00 -5.643358e-01 
5.807499e+00 -1.606330e-01 
6.113718e+00 2.168127e-01 
1.001096e+01 4.368875e-01 
8.167414e+00 1.394546e+00 
4.288112e+00 -1.858611e+00 
1.043242e+01 -9.636712e+00 
9.806097e+00 5.243779e+00 
6.673776e+00 1.939498e-01 
4.487500e+00 -1.912485e+00 
2.739044e+00 -2.548652e+00 
8.478525e+00 -2.160304e+00 
8.897267e+00 -7.461417e-01 
1.090592e+01 7.262330e+00 
5.239531e+00 1.052733e-01 
5.824337e+00 6.761848e-01 
5.616069e+00 3.391242e+00 
8.882640e+00 6.682657e-01 
1.094689e+01 5.114637e-01 
5.562498e+00 2.016757e+00 
9.115369e+00 8.824544e-01 
5.499710e+00 -3.281157e+00 
7.671640e+00 1.068269e+00 
4.947563e+00 -1.782889e+00 
6.641052e+00 2.805139e-02 
5.910061e+00 3.095404e+00 
7.215100e+00 1.114442e+00 
8.011013e+00 2.639531e+00 
9.075155e+00 3.230623e+00 
7.781054e+00 4.695302e-01 
8.868367e+00 5.982039e-01 
5.797876e+00 5.133031e-01 
8.760128e+00 1.244717e+00 
8.202779e+00 1.123109e+00 
6.786102e+00 -5.731843e-01 
5.856720e+00 2.092955e+00 
6.877290e+00 -7.502280e-01 
1.227389e+01 2.018528e+00 
8.925454e+00 1.065974e+00 
7.877889e+00 -3.370711e-01 
1.125383e+01 1.324367e+00 
5.787217e+00 1.081777e+00 
9.083495e+00 1.641743e+00 
7.406696e+00 -4.216283e+00 
7.140562e+00 -7.905092e-01 
5.423419e+00 -1.733581e+00 
1.032170e+01 -7.326849e-01 
9.747879e+00 3.322758e+00 
7.663351e+00 -1.997854e+00 
7.595484e+00 1.172252e+00 
1.071037e+01 -1.626970e+00 
8.105303e+00 2.627944e-01 
5.897528e+00 4.774706e-01 
7.849722e+00 -8.217467e-01 
8.452059e+00 -1.250824e+00 
8.040912e+00 -2.240149e+00 
8.256936e+00 1.424235e+00 
7.482425e+00 2.263955e+00 
9.807798e+00 -5.244310e-01 
3.973945e+00 2.209966e+00 
7.307594e+00 1.279234e+00 
5.672702e+00 1.243815e-01 
7.760573e+00 1.986545e-01 
9.487411e+00 3.001730e-01 
8.609336e+00 -3.130116e-01 
6.280860e+00 -1.340043e+00 
7.343479e+00 -4.758171e-02 
4.655406e+00 -1.144756e-01 
4.631192e+00 2.011297e+00 
8.218860e+00 1.909541e+00 
6.458197e+00 1.496514e+00 
5.421751e+00 -6.805533e-01 
6.422731e+00 -2.124865e+00 
8.217895e+00 1.688028e+00 
8.311574e+00 -3.717186e-01 
6.044493e+00 -2.492059e-01 
5.825298e+00 -8.847581e-01 
7.679972e+00 1.593139e+00 
6.888296e+00 3.750356e-01 
6.631479e+00 2.978855e-01 
1.027320e+01 -2.374014e+00 
6.291757e+00 -8.025845e-01 
1.025401e+01 6.636704e-01 
5.774837e+00 -1.702259e-01 
6.704630e+00 -1.612842e+00 
7.231892e+00 1.001999e+00 
7.881068e+00 2.060781e+00 
6.654698e+00 2.423512e+00 
9.217119e+00 3.052280e+00 
6.822586e+00 -4.340989e+00 
7.932764e+00 -4.625592e-01 
7.257216e+00 6.471494e-01 
5.310627e+00 -1.035894e-01 
6.480785e+00 -8.181472e-01 
7.594633e+00 2.477825e+00 
8.829916e+00 1.942617e-02 
8.443892e+00 -2.143568e+00 
9.356688e+00 1.587951e+00 
8.624315e+00 5.408231e-01 
7.341621e+00 2.773898e+00 
7.335536e+00 1.634254e-01 
6.420622e+00 -5.713732e-01 
7.535971e+00 1.546201e+00 
8.482424e+00 -4.525295e-01 
9.983106e+00 -1.602124e+00 
8.088169e+00 -3.144657e-01 
7.407068e+00 1.735888e+00 
3.796726e+00 -3.947376e-01 
8.473723e+00 -2.559795e+00 
1.249406e+01 2.129171e+00 
7.683067e+00 3.074015e+00 
5.422373e+00 -3.711113e-01 
5.390979e+00 -3.737649e-01 
8.515747e+00 -1.524995e-01 
8.497986e+00 1.833264e+00 
1.043997e+01 1.150109e+00 
9.997183e+00 -7.854144e-01 
5.619373e+00 -7.334837e-01 
1.213284e+01 9.316061e-01 
7.209206e+00 -2.009019e-01 
6.594386e+00 -1.196422e+00 
7.131454e+00 -2.292251e+00 
8.712443e+00 2.770773e+00 
9.144949e+00 -9.987318e-02 
7.934925e+00 -2.358397e+00 
6.307241e+00 -2.027477e+00 
7.388358e+00 2.928967e+00 
1.018836e+01 -1.221801e+00 
8.923343e+00 -8.823762e-01 
8.454891e+00 -7.762254e-01 
8.517945e+00 -1.685284e+00 
8.810366e+00 2.011045e+00 
8.062453e+00 -2.487409e+00 
6.629781e+00 1.773808e+00 
7.438308e+00 -6.279630e-01 
1.170920e+01 1.204447e+00 
5.709253e+00 -1.373165e+00 
8.077544e+00 2.333744e+00 
9.942285e+00 -3.611549e+00 
1.005421e+01 -1.426408e+00 
8.349274e+00 1.807019e-01 
7.190820e+00 -2.027717e+00 
7.690633e+00 9.025930e-01 
8.922925e+00 7.923444e-02 
1.031734e+01 -2.100338e-01 
8.661807e+00 2.117083e+00 
7.714972e+00 -1.349838e-01 
8.581245e+00 -1.940120e+00 
8.464661e+00 2.257686e-01 
1.088352e+01 -2.589389e-01 
6.357645e+00 -1.990509e+00 
8.907530e+00 4.933537e-01 
7.819052e+00 -6.225852e-01 
1.096583e+01 1.126494e+00 
4.622872e+00 -1.591701e-01 
1.125608e+01 -9.361636e-01 
8.141289e+00 -1.446331e+00 
6.632098e+00 2.437846e+00 
9.176576e+00 6.907441e-01 
8.736353e+00 -1.891508e+00 
5.551945e+00 9.579201e-01 
7.245687e+00 -5.521500e-01 
6.916062e+00 -1.346174e+00 
7.355634e+00 -2.960445e+00 
1.063957e+01 2.942011e+00 
7.813883e+00 -1.393296e+00 
7.129125e+00 5.668000e-01 
8.699145e+00 2.230707e+00 
9.422552e+00 2.255294e+00 
8.616986e+00 1.656630e+00 
5.848257e+00 3.634893e-01 
5.774863e+00 -2.328432e-01 
7.294872e+00 1.072277e+00 
7.868700e+00 1.486066e+00 
9.901976e+00 1.502574e+00 
8.430186e+00 -1.706576e+00 
6.267554e+00 -4.150789e+00 
9.226445e+00 7.690304e-01 
8.066747e+00 3.344153e+00 
1.021699e+01 1.040807e+00 
6.562614e+00 1.132209e+00 
6.250571e+00 -1.420102e+00 
7.580817e+00 -1.236101e+00 
6.845812e+00 -2.003045e+00 
8.403759e+00 2.611037e+00 
6.423159e+00 -1.367873e-01 
6.997358e+00 1.634032e+00 
6.385894e+00 8.541196e-02 
4.893226e+00 7.725227e-01 
1.008822e+01 -2.138079e+00 
9.103508e+00 -5.409797e-01 
8.211216e+00 1.735038e-01 
6.909959e+00 1.465072e+00 
5.987851e+00 3.387214e+00 
1.106690e+01 3.832278e+00 
5.724318e+00 1.920059e-01 
4.650473e+00 -9.734013e-01 
1.024712e+01 2.234074e+00 
4.416141e+00 1.247064e+00 
6.093105e+00 -1.342560e+00 
7.309356e+00 -3.064543e+00 
9.764438e+00 7.265797e-01 
7.309331e+00 9.681601e-01 
6.518903e+00 1.773138e+00 
6.792373e+00 1.490178e+00 
1.022829e+01 -8.291789e-02 
7.912514e+00 2.216880e+00 
3.017472e+00 2.471525e+00 
7.516313e+00 -1.153384e+00 
8.846052e+00 2.389609e-01 
6.992316e+00 -2.415433e+00 
5.152708e+00 1.319693e+00 
9.019210e+00 2.396108e+00 
6.502032e+00 -1.381406e+00 
1.001018e+01 3.797627e-01 
7.174172e+00 5.720032e-01 
5.939609e+00 -7.621507e-01 
8.691767e+00 -1.739298e+00 
1.116938e+01 6.095961e-04 
9.131325e+00 -1.777662e+00 
1.099734e+01 -9.771854e-01 
8.830718e+00 -6.412971e-01 
9.756413e+00 3.965009e-01 
8.021779e+00 1.100625e+00 
9.820743e+00 -1.139613e+00 
8.025345e+00 -4.313972e-01 
1.070273e+01 2.029146e-01 
6.522060e+00 1.438367e+00 
6.612425e+00 1.028481e+00 
7.349059e+00 -2.722236e-01 
1.029163e+01 8.533790e-01 
9.863713e+00 -3.050406e+00 
7.433701e+00 1.217040e+00 
9.023282e+00 -1.887033e+00 
4.294505e+00 2.226955e+00 
8.592018e+00 1.409369e+00 
6.364483e+00 -2.609765e-01 
6.586826e+00 -3.594658e+00 
1.080522e+01 1.976025e-01 
7.574781e+00 3.709667e-01 
8.645581e+00 1.358921e+00 
1.080388e+01 -1.738993e+00 
6.955232e+00 1.851183e+00 
4.329659e+00 4.378294e+00 
6.790495e+00 8.848759e-01 
1.006968e+01 5.120728e-01 
7.046784e+00 -2.537169e-01 
9.538999e+00 -2.388959e+00 
6.926784e+00 1.307420e+00 
1.035863e+01 -4.577510e-01 
6.842067e+00 2.037276e+00 
8.109312e+00 2.799385e+00 
1.126037e+01 2.513748e+00 
7.210705e+00 -1.822285e+00 
1.115110e+01 7.922116e-01 
1.032942e+01 -2.303124e+00 
9.084339e+00 1.957189e+00 
8.153963e+00 1.396132e+00 
7.317448e+00 1.271738e-01 
8.448626e+00 8.336439e-01 
8.271868e+00 5.961588e-01 
6.832569e+00 -1.275194e+00 
1.078334e+01 3.214531e-01 
8.132650e+00 -3.325842e-01 
9.251921e+00 2.310062e+00 
9.019169e+00 3.084498e-01 
8.557444e+00 -1.928787e-01 
6.438307e+00 3.154137e+00 
8.519281e+00 1.034619e-01 
6.158054e+00 1.267984e+00 
8.992291e+00 1.771450e+00 
6.930127e+00 -8.091203e-01 
1.032646e+01 -3.679643e+00 
4.312447e+00 -1.998001e-01 
8.107300e+00 8.591325e-01 
8.889141e+00 -5.880458e-01 
9.607048e+00 -1.280664e+00 
8.666779e+00 -1.366348e+00 
3.857770e+00 -2.358999e+00 
8.134127e+00 1.187974e+00 
1.174341e+01 -7.095385e+00 
7.320691e+00 2.047016e+00 
6.116340e+00 6.924754e-01 
5.961148e+00 -2.628240e+00 
6.281357e+00 5.150755e-02 
8.143926e+00 8.359525e-01 
8.479968e+00 -7.108765e-01 
1.014514e+01 -2.093000e+00 
5.260237e+00 -9.227408e-02 
7.640196e+00 2.178734e+00 
1.227817e+01 -1.167586e-01 
6.830914e+00 -5.875171e-01 
7.942006e+00 2.248958e+00 
1.217743e+01 -3.260513e-01 
1.045149e+01 -1.857736e+00 
9.174283e+00 -1.818633e-02 
8.958948e+00 1.311914e+00 
8.664927e+00 -3.888091e-01 
7.918331e+00 8.773468e-01 
7.151530e+00 5.716121e-01 
6.928517e+00 -1.003416e+00 
8.061649e+00 -1.764230e+00 
9.732503e+00 4.383780e-01 
5.578024e+00 1.705506e+00 
6.161061e+00 1.137085e+00 
7.043140e+00 -6.567309e-01 
6.684160e+00 -8.657904e-01 
6.776820e+00 1.417887e+00 
7.541760e+00 1.468224e+00 
6.950873e+00 -1.423600e+00 
8.751767e+00 3.144439e-01 
9.782289e+00 1.105106e+00 
8.403143e+00 -1.885363e+00 
7.125670e+00 7.125649e-01 
7.170638e+00 1.626049e+00 
9.848221e+00 2.945230e+00 
9.826819e+00 1.653112e+00 
1.035971e+01 -1.412222e-01 
7.227995e+00 1.203027e+00 
8.720959e+00 3.199504e+00 
8.158945e+00 -1.809277e+00 
7.660455e+00 1.542907e+00 
6.938100e+00 1.561324e+00 
8.258724e+00 -2.730323e+00 
6.869652e+00 2.262395e+00 
8.916591e+00 1.050494e+00 
7.604876e+00 -2.304300e-01 
9.728684e+00 1.550589e+00 
7.745156e+00 -1.326403e+00 
8.397765e+00 -2.791688e+00 
6.443803e+00 6.521336e-01 
2.109087e+00 2.440378e+00 
7.662532e+00 -1.357958e+00 
6.795859e+00 -1.377846e+00 
7.789975e+00 -1.061897e+00 
8.060872e+00 -2.057160e+00 
7.482217e+00 1.743807e+00 
9.288333e+00 -1.502295e+00 
9.998497e+00 -8.040643e-02 
9.113298e+00 1.853013e+00 
8.121849e+00 -9.749489e-01 
7.673659e+00 -1.404249e+00 
8.415908e+00 -2.313656e-01 
9.074535e+00 -2.717632e+00 
5.991463e+00 1.149422e+00 
6.339995e+00 4.028066e-01 
5.414565e+00 7.677497e-01 
4.268739e+00 9.594270e-01 
7.072019e+00 -1.477473e+00 
8.875563e+00 2.021459e+00 
9.829533e+00 -1.251139e+00 
6.660061e+00 1.298041e+00 
8.320361e+00 1.730964e+00 
6.737030e+00 6.015761e-01 
9.749454e+00 -1.586585e+00 
8.797425e+00 1.129940e+00 
7.527750e+00 -4.882047e-01 
1.105317e+01 2.621447e+00 
6.498791e+00 6.493934e-01 
6.229619e+00 1.089294e+00 
9.426462e+00 3.367568e+00 
6.677385e+00 9.055182e-01 
7.275351e+00 1.861712e+00 
8.345232e+00 -1.370122e+00 
9.360643e+00 2.662402e+00 
1.085980e+01 -2.655177e-01 
4.265829e+00 1.756323e+00 
6.680266e+00 3.154449e+00 
8.423519e+00 1.792981e+00 
7.842879e+00 2.668556e+00 
7.939815e+00 2.718042e+00 
7.516508e+00 -1.016865e+00 
9.762006e+00 -6.209699e-01 
8.410123e+00 -1.992151e+00 
7.621242e+00 -6.124128e-01 
8.551674e+00 -9.074470e-01 
8.279877e+00 6.759181e-01 
9.433743e+00 -1.566929e+00 
8.059829e+00 -1.114453e+00 
9.402802e+00 -1.922403e+00 
6.700097e+00 -6.310080e-01 
8.215132e+00 -6.660864e-01 
8.380310e+00 -1.690199e-02 
6.726051e+00 -2.818829e-01 
6.201494e+00 5.371687e-01 
5.725288e+00 -1.684001e-01 
7.104371e+00 -4.604562e-01 
8.294391e+00 -1.225184e-01 
7.617439e+00 2.244392e-02 
7.297680e+00 -1.432866e+00 
8.131461e+00 1.774624e+00 
1.021779e+01 1.999948e+00 
8.144308e+00 -6.918941e-01 
1.017947e+01 6.509731e-01 
7.434166e+00 -5.717819e-01 
9.593214e+00 4.945090e-01 
8.431579e+00 1.044261e+00 
5.953031e+00 -1.134513e+00 
5.843904e+00 -2.044243e+00 
9.955620e+00 3.237838e+00 
7.289381e+00 -2.024331e+00 
7.212894e+00 2.495845e+00 
6.630335e+00 1.250115e+00 
8.181186e+00 -1.204127e+00 
7.113577e+00 2.168322e+00 
7.035168e+00 1.846715e+00 
1.053996e+01 7.227548e-02 
9.792251e+00 1.721314e-01 
7.823585e+00 -3.528268e-01 
7.470169e+00 8.038289e-01 
6.926826e+00 3.279085e+00 
8.814129e+00 2.027496e+00 
7.263684e+00 -5.462258e-01 
4.833774e+00 2.756242e+00 
7.505082e+00 4.137881e-01 
8.234934e+00 8.813051e-01 
1.025594e+01 1.610826e+00 
5.519289e+00 -9.498147e-01 
5.028462e+00 1.849434e+00 
7.166866e+00 -1.848132e+00 
8.138994e+00 -1.809147e+00 
6.693963e+00 -9.943823e-01 
6.842939e+00 -1.937113e+00 
1.028505e+01 3.765409e-01 
1.042403e+01 -7.440008e-01 
7.634493e+00 4.219915e-02 
6.149289e+00 -9.645812e-01 
7.730766e+00 -2.026522e+00 
1.035904e+01 9.269226e-01 
6.258484e+00 1.352560e+00 
1.028294e+01 -1.289865e+00 
7.557924e+00 -1.240295e+00 
5.396755e+00 1.122335e+00 
7.336270e+00 -2.140910e+00 
6.383206e+00 -3.276756e-01 
9.837612e+00 -2.791350e-01 
7.504531e+00 7.109224e-02 
7.896976e+00 -2.202746e+00 
8.383795e+00 -2.764227e+00 
1.038186e+01 3.644002e-01 
-1.382655e-01 -2.627910e+00 
8.751549e+00 -4.319071e-01 
9.594878e+00 8.804331e-01 
6.907878e+00 -8.707318e-01 
9.436632e+00 2.127762e+00 
1.064688e+01 2.679683e+00 
8.040987e+00 -3.855317e+00 
7.201676e+00 -1.404946e+00 
8.576798e+00 -1.306519e+00 
8.170167e+00 -1.103616e+00 
7.910173e+00 7.699544e-01 
9.899070e+00 -1.373384e+00 
7.780261e+00 8.967948e-01 
8.789184e+00 -2.375169e-01 
9.320983e+00 2.228740e+00 
9.737352e+00 3.663556e-01 
6.525972e+00 9.823882e-01 
7.456281e+00 3.510094e-01 
6.577792e+00 8.127416e-01 
6.189437e+00 3.196076e+00 
7.083930e+00 3.228365e-01 
6.212001e+00 1.099125e+00 
6.024515e+00 1.811207e-01 
6.680507e+00 1.296476e+00 
5.887491e+00 7.907171e-02 
8.488329e+00 -1.405289e+00 
8.694233e+00 -1.484566e-01 
5.104670e+00 1.090357e+00 
5.125404e+00 -6.408465e-01 
4.689812e+00 -1.048338e+00 
4.531858e+00 8.661340e-02 
7.781806e+00 2.002702e+00 
6.996364e+00 2.898537e+00 
7.809716e+00 1.500708e+00 
8.745093e+00 -3.794083e-01 
6.768098e+00 1.431777e+00 
9.451507e+00 7.832953e-01 
8.377867e+00 2.105342e+00 
9.056836e+00 -1.351563e+00 
7.447231e+00 2.952456e+00 
9.763535e+00 -1.082246e-01 
9.029487e+00 -6.694993e-01 
8.228005e+00 -2.081294e+00 
6.124496e+00 1.358508e+00 
7.801875e+00 2.417329e-01 
7.497021e+00 -2.056276e-01 
6.833892e+00 1.187022e+00 
7.842939e+00 1.978002e+00 
5.148441e+00 2.833619e+00 
8.526215e+00 1.638024e+00 
9.104281e+00 2.723517e-01 
1.100310e+01 5.238174e-02 
6.490545e+00 -1.899853e+00 
9.044126e+00 1.350748e-01 
7.617863e+00 -3.907694e-01 
7.553369e+00 -3.255256e-01 
1.038096e+01 1.171645e-02 
7.465909e+00 8.780652e-02 
5.551928e+00 -1.581411e+00 
6.526328e+00 -1.588853e+00 
7.404803e+00 1.246279e+00 
7.810880e+00 3.094867e-01 
6.347346e+00 -1.120378e+00 
6.429646e+00 1.092518e+00 
7.575100e+00 -1.276218e+00 
8.348983e+00 -2.790197e+00 
8.493194e+00 2.470265e+00 
7.011829e+00 -1.082818e+00 
9.525231e+00 2.822926e-01 
5.775238e+00 -9.735383e-01 
1.040579e+01 8.792352e-01 
8.043247e+00 -9.843910e-01 
8.746107e+00 -4.705279e-01 
1.067398e+01 -1.512032e+00 
7.712233e+00 -8.093691e-02 
6.416656e+00 -9.366654e-01 
5.778780e+00 6.963591e-01 
7.609319e+00 4.317541e-01 
9.620386e+00 -1.136248e+00 
7.481331e+00 2.270692e+00 
4.872708e+00 -1.320893e-02 
7.314335e+00 -9.602225e-01 
6.109073e+00 2.195470e+00 
6.949178e+00 1.388270e+00 
9.938649e+00 -5.767459e-01 
6.980215e+00 -6.681183e-01 
5.160910e+00 -7.162768e-01 
8.643974e+00 4.134492e-01 
6.101918e+00 -2.146392e-01 
8.199601e+00 4.548356e-01 
7.743448e+00 5.511156e-01 
7.228109e+00 4.769518e-01 
1.018996e+01 8.985922e-01 
7.430689e+00 -7.478217e-01 
7.092859e+00 8.644934e-01 
6.288983e+00 5.206290e-01 
1.095187e+01 1.889774e+00 
1.260137e+01 2.693849e+00 
8.349175e+00 1.368089e-02 
7.861767e+00 -1.615167e+00 
6.909639e+00 8.799556e-01 
7.309510e+00 8.990309e-01 
9.461260e+00 2.954867e-01 
8.657308e+00 -6.220964e-01 
7.969121e+00 -9.893954e-01 
6.998783e+00 1.655065e+00 
9.203070e+00 -4.109545e-01 
9.968368e+00 2.925191e-01 
7.087750e+00 -1.313030e+00 
9.275542e+00 -1.270705e+00 
8.093618e+00 -1.599162e+00 
7.798167e+00 1.570360e+00 
7.406685e+00 8.520423e-01 
7.137326e+00 -2.756966e-01 
8.719268e+00 1.810789e+00 
6.227890e+00 9.542553e-02 
7.692148e+00 -1.653966e+00 
7.545909e+00 1.266599e+00 
7.544628e+00 -1.315941e-02 
8.841301e+00 -8.345387e-01 
7.573207e+00 -4.742956e-01 
7.100887e+00 -3.519233e+00 
7.881112e+00 -1.428948e+00 
1.011179e+01 1.950850e+00 
7.390802e+00 -1.945137e+00 
8.462856e+00 -7.072588e+00 
5.488599e+00 -1.880343e+00 
7.644727e+00 1.524485e+00 
1.033298e+01 9.489447e-01 
9.136497e+00 3.997127e-01 
7.235099e+00 -4.557645e-01 
1.081528e+01 -6.761596e-01 
7.813187e+00 1.233065e+00 
1.016756e+01 1.118216e+00 
9.050387e+00 -1.417296e+00 
6.709888e+00 1.403775e+00 
8.420216e+00 -1.410097e+00 
1.064032e+01 -1.854378e+00 
7.544145e+00 -3.741120e-01 
8.831757e+00 9.505763e-01 
8.451610e+00 -6.200385e-02 
7.573391e+00 -8.987209e-01 
9.330215e+00 -1.504066e+00 
1.181883e+01 3.408058e+00 
7.071257e+00 -5.698266e-01 
7.507453e+00 -1.851191e+00 
7.948787e+00 -2.690233e+00 
8.685660e+00 -2.101830e+00 
6.177052e+00 -1.525407e+00 
8.385899e+00 1.079554e+00 
6.713215e+00 3.106896e-01 
7.890003e+00 -2.265990e+00 
6.176541e+00 7.929343e-02 
7.887535e+00 1.796629e+00 
7.250982e+00 -4.940672e-01 
5.875049e+00 -1.061028e+00 
8.375458e+00 -9.986477e-02 
7.111874e+00 -2.811437e-01 
8.112905e+00 -3.889180e-01 
1.130959e+01 -2.218817e+00 
6.143219e+00 6.813216e-01 
1.018499e+01 -2.566272e+00 
9.478318e+00 6.846911e-02 
3.519256e+00 8.819484e-01 
1.089193e+01 -1.297694e+00 
9.575472e+00 1.948103e+00 
7.949622e+00 1.848353e+00 
8.032429e+00 6.364950e-01 
5.709403e+00 -3.115257e+00 
7.871860e+00 1.067566e+00 
9.720987e+00 -1.824480e+00 
7.812783e+00 4.876058e-01 
8.721651e+00 -9.766873e-01 
7.598189e+00 -8.901302e-01 
9.394923e+00 1.276414e+00 
8.374563e+00 8.181678e-01 
7.329505e+00 4.479476e-01 
8.708092e+00 -2.115522e+00 
6.022634e+00 -3.614452e-01 
6.953161e+00 3.829635e-01 
1.010009e+01 4.013297e-01 
6.801741e+00 5.714264e-01 
7.539401e+00 5.069047e-01 
8.451764e+00 -4.807164e-01 
8.607289e+00 3.085711e-01 
1.132011e+01 -4.571604e-01 
1.011069e+01 -3.185677e-01 
9.256332e+00 -2.640436e-01 
7.785019e+00 -1.327692e+00 
1.036216e+01 -5.203792e-01 
1.018637e+01 9.122869e-01 
8.086080e+00 -1.593087e+00 
9.372389e+00 1.614339e+00 
9.150308e+00 7.562389e-01 
6.548410e+00 2.624070e+00 
7.052594e+00 -8.534159e-01 
1.004210e+01 -5.963466e-01 
8.608390e+00 -4.078059e-01 
1.012626e+01 -4.448033e-01 
7.827043e+00 1.015023e+00 
7.810350e+00 -1.102222e+00 
7.770053e+00 -7.554932e-01 
7.776397e+00 -3.296815e-01 
9.190610e+00 1.775068e+00 
6.593983e+00 -9.657608e-01 
7.616305e+00 -1.483766e+00 
1.154873e+01 -5.193097e-01 
8.910715e+00 1.294840e+00 
5.639220e+00 6.897878e-01 
9.965304e+00 -3.444125e-01 
8.671254e+00 8.743443e-01 
7.547785e+00 1.148207e+00 
1.078523e+01 1.440313e+00 
7.818782e+00 -2.453222e+00 
7.251715e+00 -2.681068e+00 
8.267313e+00 -1.636231e+00 
8.065262e+00 6.130173e-01 
8.005196e+00 -2.506344e+00 
6.329169e+00 -1.787235e+00 
5.856291e+00 6.522013e-01 
5.576352e+00 -3.979075e-01 
7.902491e+00 -2.081496e-01 
6.419351e+00 1.237217e+00 
6.786363e+00 -6.555453e-01 
7.065818e+00 8.920196e-01 
1.167395e+01 -3.022621e+00 
5.036285e+00 6.201290e-01 
7.521987e+00 -1.327013e+00 
4.372004e+00 -9.994031e-01 
9.733042e+00 1.991948e+00 
1.001899e+01 1.751024e+00 
8.304988e+00 2.737016e+00 
8.321900e+00 -1.178165e+00 
9.411764e+00 1.484249e-01 
8.219645e+00 2.352894e-01 
7.482704e+00 -1.096779e+00 
8.072563e+00 -1.676216e+00 
5.562034e+00 -9.811018e-01 
6.727991e+00 1.563475e+00 
7.419127e+00 -1.184002e+00 
8.660026e+00 -8.175964e-01 
8.032308e+00 -1.523757e+00 
6.748329e+00 1.085147e-01 
7.288129e+00 2.068178e+00 
7.770398e+00 6.010174e-01 
8.653235e+00 1.168915e-01 
6.489071e+00 5.400435e-02 
6.011190e+00 -2.109163e+00 
7.428210e+00 -3.130764e-01 
8.836295e+00 -2.782153e+00 
7.877835e+00 4.196243e-01 
6.417527e+00 -2.153866e+00 
5.419067e+00 2.954645e-02 
8.961849e+00 -6.480538e-01 
8.696918e+00 1.201563e+00 
1.003481e+01 -4.650693e-01 
8.457663e+00 8.224865e-01 
9.743044e+00 -1.769257e+00 
9.823731e+00 1.436789e+00 
9.233956e+00 -1.547602e+00 
6.384841e+00 -1.235316e+00 
1.065414e+01 -9.901559e-01 
8.187765e+00 -4.355916e-01 
7.149215e+00 2.754764e+00 
7.317781e+00 -8.555043e-01 
7.857396e+00 2.293904e+00 
9.622639e+00 1.850187e+00 
8.075160e+00 -2.270631e+00 
8.523145e+00 2.979569e+00 
7.047361e+00 1.434394e+00 
1.069594e+01 2.145733e+00 
6.267039e+00 9.355164e-01 
8.168917e+00 1.182592e+00 
8.502532e+00 -1.563762e-01 
7.717149e+00 -1.472803e+00 
8.573602e+00 2.174940e+00 
7.245874e+00 -1.451212e+00 
7.050209e+00 -4.964203e+00 
8.102137e+00 -2.783579e+00 
9.151768e+00 -2.090404e+00 
5.252665e+00 6.384530e-01 
8.845407e+00 -4.546339e-01 
8.270335e+00 -2.460856e-01 
8.315271e+00 2.923772e-01 
7.685758e+00 6.088536e-01 
7.694791e+00 3.362474e-01 
7.058723e+00 3.987369e-01 
9.416485e+00 -1.043331e+00 
6.805961e+00 1.454311e+00 
8.443358e+00 1.666282e+00 
8.942584e+00 -2.418244e+00 
7.870468e+00 9.990680e-01 
7.432559e+00 1.017178e+00 
9.613427e+00 2.055211e+00 
8.757037e+00 -5.726538e-01 
7.785375e+00 4.954389e-01 
6.691224e+00 2.455212e+00 
5.915353e+00 1.640332e+00 
7.380325e+00 8.202561e-01 
8.938054e+00 -8.990198e-01 
6.078752e+00 1.345184e+00 
7.610432e+00 7.243234e-01 
7.776759e+00 5.315778e-01 
5.657783e+00 -1.002198e+00 
9.115488e+00 -2.111865e+00 
9.376178e+00 2.000222e+00 
9.603580e+00 5.746242e-01 
7.985478e+00 1.649144e+00 
6.974647e+00 -3.102741e-01 
9.154389e+00 -1.909530e+00 
8.518225e+00 -1.798681e-01 
6.601209e+00 1.707052e+00 
9.816307e+00 3.677515e-01 
7.597659e+00 -1.168624e+00 
8.909559e+00 5.120611e-01 
8.023795e+00 1.909668e+00 
7.527886e+00 1.313405e+00 
1.059419e+01 -1.832771e+00 
1.080326e+01 4.938090e-01 
1.179737e+01 1.642180e+00 
8.228840e+00 -1.337411e+00 
9.042226e+00 2.169112e+00 
1.006961e+01 1.384413e+00 
9.796172e+00 -3.237897e-01 
7.783523e+00 -1.993066e+00 
8.496318e+00 -8.261562e-01 
6.497479e+00 8.118782e-01 
6.761731e+00 3.055503e-01 
7.001179e+00 -5.774324e-01 
8.680265e+00 1.910224e-01 
8.120016e+00 5.659747e-01 
7.217629e+00 -9.524158e-01 
1.035157e+01 3.191415e-01 
8.810281e+00 6.271673e-01 
8.123200e+00 -1.296006e+00 
7.698897e+00 4.453001e+00 
6.903718e+00 -8.169497e-01 
8.791677e+00 2.071461e+00 
6.835624e+00 1.110325e+00 
1.016809e+01 2.005650e+00 
6.522458e+00 -1.832772e+00 
1.040133e+01 -6.627048e-01 
8.927878e+00 5.406240e-01 
7.822840e+00 1.563683e+00 
1.024794e+01 -3.431134e-01 
1.072839e+01 4.733998e-01 
8.677464e+00 1.489992e+00 
6.649605e+00 -3.038034e-01 
7.458321e+00 -8.910061e-01 
5.930834e+00 8.047380e-01 
8.610189e+00 -1.206921e+00 
9.772812e+00 -5.773323e-01 
7.047941e+00 -1.259900e+00 
7.516672e+00 -2.218475e+00 
9.106121e+00 -5.503056e-01 
9.936757e+00 6.960035e-01 
8.925755e+00 -5.662765e-01 
9.064324e+00 2.111364e-01 
9.146453e+00 -1.137413e+00 
1.132258e+01 1.963414e-01 
7.303239e+00 1.133338e+00 
9.939603e+00 -5.124135e-01 
8.599724e+00 -9.488293e-02 
6.791616e+00 1.208891e+00 
9.276868e+00 5.530928e-01 
7.952416e+00 1.641657e+00 
9.112924e+00 -4.761923e-01 
9.827994e+00 6.490750e-01 
6.970752e+00 -1.226690e+00 
7.438615e+00 -6.858078e-01 
9.519982e+00 -5.921260e-03 
7.867018e+00 7.183170e-01 
7.421962e+00 8.122901e-01 
8.449221e+00 6.270909e-01 
8.361476e+00 1.514856e+00 
9.099020e+00 -3.794491e-01 
5.546011e+00 -3.143744e+00 
9.048400e+00 2.108962e-01 
7.729208e+00 7.614116e-01 
8.838106e+00 -2.961920e-01 
6.335966e+00 2.048365e+00 
8.890724e+00 1.385945e+00 
8.614763e+00 3.409021e+00 
8.488394e+00 -7.011561e-01 
8.444894e+00 1.734914e+00 
7.639484e+00 -2.988487e-01 
6.576002e+00 -4.604321e-01 
6.639975e+00 -1.072515e+00 
8.217710e+00 -1.132781e+00 
8.660514e+00 1.200287e-01 
8.610183e+00 -1.321460e-01 
5.914905e+00 6.984470e-01 
6.401793e+00 -5.072915e-01 
7.626307e+00 -9.504121e-01 
7.834769e+00 -2.509403e+00 
6.407754e+00 -3.660846e-02 
9.431834e+00 5.058152e-01 
8.701559e+00 -2.086392e-01 
6.898372e+00 2.247493e+00 
1.375401e+01 3.869567e+00 
5.536939e+00 -4.364320e+00 
6.529206e+00 5.557837e-01 
9.553672e+00 -1.285457e-01 
8.329157e+00 1.727125e+00 
9.544370e+00 3.928626e-03 
9.653414e+00 -2.287224e-01 
7.404387e+00 4.633464e-02 
1.017119e+01 1.580921e+00 
8.926056e+00 7.319600e-01 
8.027530e+00 1.055462e+00 
9.599282e+00 1.342683e+00 
6.942686e+00 1.502247e+00 
6.307173e+00 -5.581674e-01 
6.712759e+00 -1.968954e+00 
1.095568e+01 1.058071e+00 
9.217083e+00 -8.831104e-01 
6.399180e+00 1.126409e+00 
8.194579e+00 -1.405157e-01 
9.802765e+00 8.655506e-01 
8.984252e+00 4.059791e-01 
8.535185e+00 -1.229016e+00 
1.088342e+01 2.859233e-01 
7.347987e+00 -7.962719e-01 
8.614125e+00 -3.184406e-01 
1.290117e+01 -1.323977e+00 
8.385606e+00 4.478664e-01 
7.530297e+00 9.056283e-01 
7.819375e+00 2.007215e+00 
9.177887e+00 6.672304e-01 
9.454398e+00 3.368072e-01 
8.917480e+00 9.473097e-01 
8.856469e+00 -3.238836e-01 
9.101121e+00 1.726600e-02 
8.523383e+00 2.344417e-01 
6.967391e+00 -5.484540e-01 
6.120108e+00 1.100470e+00 
6.831557e+00 -4.323739e-01 
7.942502e+00 -1.115350e+00 
8.829164e+00 -2.709172e+00 
8.243985e+00 4.015326e-01 
1.018018e+01 -3.060453e-01 
1.021391e+01 -6.847734e-01 
7.733842e+00 2.478074e+00 
6.918455e+00 3.456714e-01 
8.230548e+00 3.587492e-01 
7.764646e+00 -4.131235e+00 
6.282056e+00 1.648197e-01 
8.972781e+00 1.862074e-01 
9.789179e+00 -1.210482e+00 
1.046590e+01 1.968008e+00 
6.616471e+00 5.798513e-01 
7.187145e+00 1.517885e-01 
7.551517e+00 1.274252e+00 
7.716451e+00 -1.205184e-01 
9.126192e+00 2.570751e-01 
9.922386e+00 -1.287227e+00 
9.560711e+00 9.810149e-02 
5.576939e+00 8.170387e-01 
9.583573e+00 1.263373e+00 
9.766222e+00 1.310008e+00 
6.350902e+00 1.635852e-01 
8.347706e+00 1.340441e+00 
8.124245e+00 1.268028e+00 
7.132720e+00 -1.444886e+00 
8.193877e+00 -1.127146e-01 
1.061590e+01 1.575215e+00 
8.969409e+00 1.380675e+00 
8.633956e+00 2.341956e+00 
7.905379e+00 1.096296e+00 
8.915909e+00 5.994887e-01 
8.056095e+00 -1.153354e+00 
8.460921e+00 -3.410172e+00 
7.554307e+00 2.972459e-01 
1.016585e+01 -1.362599e+00 
9.047339e+00 -5.215406e-01 
6.861937e+00 5.469373e-01 
8.833668e+00 -1.413858e-01 
8.956731e+00 -5.711411e-01 
6.112170e+00 3.577905e-01 
7.138124e+00 1.073730e+00 
7.433918e+00 1.276312e+00 
9.156406e+00 2.128483e-01 
6.437301e+00 1.151404e+00 
8.453307e+00 6.411206e-01 
6.861818e+00 -1.089801e+00 
8.499919e+00 1.815064e+00 
8.173033e+00 8.432569e-01 
8.668643e+00 1.018887e+00 
8.586532e+00 -4.611512e-01 
6.447877e+00 -1.980430e+00 
9.711080e+00 -1.060699e+00 
6.461054e+00 5.300513e-01 
8.887928e+00 1.966229e+00 
9.086497e+00 -1.608983e+00 
9.261881e+00 -2.369317e+00 
7.571798e+00 1.085833e+00 
6.468081e+00 3.636334e-01 
8.991558e+00 -4.893189e-01 
7.635530e+00 1.027432e+00 
9.465876e+00 3.379169e-01 
7.401565e+00 7.250834e-01 
7.237249e+00 1.717695e+00 
8.732833e+00 1.631898e+00 
8.433800e+00 -2.589517e-01 
7.449735e+00 -5.149607e-01 
8.575850e+00 -2.294844e+00 
5.784094e+00 3.887844e-01 
1.056548e+01 -1.961815e-01 
9.303617e+00 -3.478825e-01 
7.439268e+00 2.050842e+00 
8.674202e+00 1.441234e+00 
7.112261e+00 -1.530944e+00 
7.769653e+00 -2.854546e+00 
7.816020e+00 6.612354e-01 
8.326396e+00 -1.412763e+00 
7.910038e+00 9.230853e-01 
7.249847e+00 -1.353511e+00 
7.793158e+00 -1.528557e+00 
8.413594e+00 4.214746e-01 
8.228927e+00 -9.428681e-01 
8.836265e+00 1.447200e+00 
7.375057e+00 -8.375040e-01 
9.797260e+00 -2.068652e-01 
8.639141e+00 5.228282e-01 
6.832852e+00 -1.216741e+00 
1.151273e+01 -2.542497e-01 
8.312607e+00 -8.516461e-02 
1.032904e+01 -9.491860e-02 
7.577395e+00 -9.704795e-02 
6.563185e+00 1.003022e-01 
8.305496e+00 -3.036597e-02 
8.399218e+00 -1.600346e+00 
9.209075e+00 1.503885e+00 
7.285949e+00 8.826439e-01 
7.786561e+00 4.939460e-01 
8.853707e+00 8.391675e-01 
8.146300e+00 5.241760e-01 
7.553650e+00 -9.528385e-01 
9.006060e+00 2.327731e+00 
5.862471e+00 2.623958e-01 
1.074274e+01 -1.848595e+00 
8.526237e+00 4.434291e-01 
8.471587e+00 5.226064e-01 
9.345609e+00 1.397524e-01 
7.773513e+00 -9.534186e-01 
1.217418e+01 -6.456871e-01 
8.200960e+00 -1.318796e+00 
7.286470e+00 8.415673e-01 
9.082356e+00 -9.958281e-01 
8.189978e+00 1.078641e+00 
8.459188e+00 9.352347e-02 
8.488668e+00 4.594785e-01 
9.842409e+00 5.215179e-01 
8.697449e+00 -1.778164e-01 
7.413276e+00 2.417867e-01 
8.481284e+00 2.077075e+00 
9.002731e+00 -2.244407e+00 
9.770714e+00 5.012121e-01 
8.672224e+00 1.285108e-01 
9.806435e+00 2.570747e-02 
9.776893e+00 2.639182e+00 
1.047371e+01 2.573940e+00 
1.043710e+01 9.849604e-01 
8.390079e+00 -1.125879e+00 
9.656663e+00 -1.180936e+00 
7.913342e+00 1.432407e-01 
6.825855e+00 -2.878452e-01 
8.489487e+00 -8.809934e-02 
6.573801e+00 -1.200717e+00 
9.334828e+00 -1.026710e+00 
6.419182e+00 2.985779e+00 
7.493168e+00 -1.541903e-01 
8.868137e+00 2.564775e+00 
7.870864e+00 -1.301676e+00 
7.887985e+00 -3.525747e-02 
1.003570e+01 1.104296e+00 
8.244163e+00 -8.600160e-01 
8.713117e+00 -9.296155e-01 
8.091738e+00 -2.760789e+00 
7.690029e+00 -2.195746e-02 
7.618994e+00 4.930285e-01 
6.886104e+00 5.592556e-03 
9.382661e+00 9.237705e-01 
9.166123e+00 -1.248938e+00 
8.778475e+00 1.973847e-01 
8.767706e+00 -2.512305e-01 
7.844878e+00 2.106973e+00 
8.220665e+00 1.174468e+00 
8.160579e+00 9.072871e-01 
8.878148e+00 -3.523427e-01 
1.037920e+01 1.277376e-01 
9.643727e+00 -1.072211e+00 
7.531377e+00 -1.652775e+00 
9.625926e+00 5.410035e-01 
7.751654e+00 5.524012e-01 
8.202183e+00 7.119058e-01 
7.377035e+00 4.703900e-01 
7.466256e+00 -8.831407e-01 
7.859654e+00 -4.344415e-01 
7.841218e+00 -2.584394e+00 
8.949467e+00 2.377235e+00 
1.034273e+01 1.034880e+00 
9.538413e+00 3.067832e-01 
8.601420e+00 -2.562668e+00 
6.431032e+00 1.791095e-01 
8.319978e+00 2.344445e-01 
7.736233e+00 -4.911259e-01 
7.808797e+00 -1.139778e+00 
8.500979e+00 2.517142e+00 
8.258874e+00 -1.811520e-01 
9.720942e+00 1.327491e+00 
7.271437e+00 -2.232587e+00 
7.142685e+00 2.409638e-01 
8.328236e+00 -7.946746e-01 
1.007031e+01 -1.217775e+00 
8.588559e+00 -2.129585e+00 
8.987680e+00 -1.701464e+00 
7.138743e+00 1.568800e-01 
7.039888e+00 -9.976149e-01 
9.077916e+00 2.324611e-01 
9.577453e+00 2.963562e+00 
7.387011e+00 -7.779441e-02 
1.064427e+01 -3.120115e+00 
7.748717e+00 1.760412e+00 
6.986744e+00 -4.935530e-01 
8.464174e+00 7.661996e-01 
8.646517e+00 -1.756091e+00 
8.105802e+00 1.641117e+00 
8.501826e+00 -8.570413e-01 
9.545484e+00 1.747408e-01 
8.069904e+00 -9.896092e-01 
7.996947e+00 -1.973796e+00 
9.012233e+00 7.114189e-01 
1.017011e+01 -1.444482e-01 
7.307764e+00 2.554301e-01 
8.847320e+00 -5.483168e-03 
8.297674e+00 -5.210754e-01 
4.409010e+00 -1.383113e+00 
8.515333e+00 1.945330e-01 
7.597896e+00 1.021531e+00 
8.046566e+00 -6.939346e-01 
6.458310e+00 -3.092387e-01 
7.795597e+00 -8.433052e-01 
8.325209e+00 1.010801e+00 
9.896837e+00 -1.369228e+00 
9.165846e+00 7.219910e-01 
8.829113e+00 -1.736953e-01 
1.023398e+01 8.521350e-01 
8.938452e+00 -7.956447e-01 
8.269600e+00 -6.414449e-01 
9.463155e+00 -1.190846e+00 
9.115626e+00 -1.203074e+00 
1.048824e+01 -1.426447e-01 
7.098844e+00 -7.619146e-01 
9.136050e+00 6.767031e-01 
6.800665e+00 9.628306e-01 
7.914890e+00 -2.791517e-01 
8.548909e+00 -1.982789e+00 
8.019975e+00 1.254095e+00 
8.882059e+00 9.283628e-01 
8.504067e+00 9.859426e-02 
9.865753e+00 1.907813e-02 
8.837660e+00 6.901052e-01 
5.880521e+00 -1.052830e+00 
1.003169e+01 -8.708465e-01 
7.890130e+00 -1.331029e+00 
8.912505e+00 -6.712531e-02 
9.943791e+00 2.848255e-01 
5.930648e+00 2.072981e+00 
9.798766e+00 -4.517045e-01 
9.113283e+00 6.060024e-01 
9.091748e+00 -1.763002e+00 
1.027589e+01 3.590097e-01 
6.715864e+00 -1.940675e-01 
8.797056e+00 -6.622860e-01 
9.170045e+00 -2.262085e-01 
6.821830e+00 -4.960572e-01 
7.127946e+00 1.898143e-02 
9.147052e+00 -5.152569e-01 
8.285982e+00 7.146598e-01 
8.507831e+00 2.275959e-01 
8.487645e+00 -5.059060e-01 
8.445864e+00 1.068421e+00 
1.026364e+01 3.648019e-01 
9.860411e+00 1.433580e+00 
9.320594e+00 -5.019764e-01 
